0 104.044 0 104.044
0.1 116.27 16.3549 99.9148
0.2 150.166 61.5911 88.5745
0.3 197.871 125.218 72.6524
0.4 248.562 192.8 55.7615
0.5 291.23 249.657 41.573
0.6 317.438 284.542 32.8961
0.7 323.318 292.309 31.0086
0.8 310.306 274.893 35.4132
0.9 284.454 240.38 44.0732
1 254.545 200.498 54.0471
1.1 229.58 167.247 62.3337
1.2 216.332 149.645 66.6866
1.3 217.655 151.481 66.1742
1.4 231.981 170.64 61.341
1.5 254.078 200.131 53.9474
1.6 276.806 230.426 46.3802
1.7 293.302 252.381 40.921
1.8 298.975 259.889 39.0861
1.9 292.714 251.488 41.226
2 277.028 230.541 46.4872
2.1 257.114 203.985 53.1286
2.2 239.173 180.088 59.0848
2.3 228.514 165.916 62.5979
2.4 228.005 165.277 62.7281
2.5 237.318 177.719 59.5985
2.6 253.17 198.858 54.3114
2.7 270.432 221.857 48.5754
2.8 283.758 239.593 44.165
2.9 289.209 246.827 42.3821
3 285.397 241.718 43.679
3.1 273.811 226.26 47.5514
3.2 258.27 205.545 52.7248
3.3 243.678 186.11 57.5681
3.4 234.497 173.894 60.6023
3.5 233.39 172.442 60.9481
3.6 240.465 181.888 58.5769
3.7 253.311 199.015 54.2957
3.8 267.811 218.335 49.4763
3.9 279.454 233.835 45.6191
4 284.727 240.839 43.8882
4.1 282.175 237.414 44.7616
4.2 272.795 224.895 47.9002
4.3 259.67 207.399 52.2714
4.4 246.977 190.493 56.4837
4.5 238.667 179.442 59.2246
4.6 237.25 177.585 59.6653
4.7 243.049 185.342 57.7072
4.8 254.14 200.141 53.9988
4.9 266.986 217.265 49.7214
5 277.566 231.351 46.2142
5.1 282.618 238.061 44.5571
5.2 280.643 235.402 45.2413
5.3 272.336 224.309 48.0269
5.4 260.337 208.31 52.0279
5.5 248.397 192.401 55.9954
5.6 240.192 181.484 58.7084
5.7 238.201 178.852 59.3496
5.8 242.945 185.193 57.7522
5.9 252.856 198.413 54.4434
6 264.783 214.31 50.4736
6.1 274.982 227.895 47.0873
6.2 280.278 234.939 45.3383
6.3 279.033 233.266 45.7671
6.4 271.639 223.4 48.2395
6.5 260.38 208.387 51.9933
6.6 248.717 192.84 55.8767
6.7 240.217 181.514 58.7032
6.8 237.469 177.855 59.6139
6.9 241.3 182.964 58.3358
7 250.544 195.285 55.2589
7.1 262.422 211.112 51.3101
7.2 273.405 225.74 47.6651
7.3 280.294 234.906 45.3886
7.4 281.181 236.068 45.113
7.5 276.001 229.146 46.855
7.6 266.514 216.491 50.0221
7.7 255.732 202.126 53.6063
7.8 246.976 190.475 56.5009
7.9 242.853 185.012 57.8411
8 244.478 187.214 57.2637
8.1 251.168 196.161 55.0066
8.2 260.695 208.874 51.8208
8.3 270.011 221.285 48.7259
8.4 276.208 229.519 46.6883
8.5 277.412 231.09 46.3227
8.6 273.347 225.637 47.7099
8.7 265.378 214.994 50.3832
8.8 256.055 202.568 53.4864
8.9 248.296 192.247 56.0487
9 244.468 187.178 57.2899
9.1 245.659 188.799 56.8599
9.2 251.36 196.42 54.9399
9.3 259.652 207.477 52.1752
9.4 267.837 218.371 49.4652
9.5 273.289 225.612 47.6769
9.6 274.288 226.915 47.373
9.7 270.548 221.909 48.6387
9.8 263.292 212.232 51.0601
9.9 254.857 200.999 53.8585
10 247.952 191.814 56.1381
10.1 244.795 187.627 57.1679
10.2 246.426 189.815 56.6111
10.3 252.374 197.745 54.6297
10.4 260.812 208.978 51.8332
10.5 269.123 220.034 49.0884
10.6 274.723 227.474 47.2491
10.7 275.862 228.972 46.8904
10.8 272.168 224.037 48.1304
10.9 264.763 214.17 50.5931
11 255.916 202.392 53.5245
11.1 248.342 192.317 56.0257
11.2 244.36 187.03 57.3304
11.3 245.181 188.14 57.041
11.4 250.536 195.285 55.2505
11.5 258.761 206.247 52.514
11.6 267.317 217.64 49.6763
11.7 273.566 225.953 47.6124
11.8 275.585 228.627 46.9582
11.9 272.751 224.833 47.9171
12 265.918 215.718 50.1995
12.1 257.152 204.037 53.115
12.2 249.085 193.299 55.7866
12.3 244.11 186.689 57.4207
12.4 243.647 186.098 57.5494
12.5 247.725 191.555 56.1697
12.6 254.991 201.253 53.7381
12.7 263.146 212.122 51.0242
12.8 269.666 220.798 48.8689
12.9 272.584 224.661 47.9237
13 271.087 222.634 48.4523
13.1 265.748 215.493 50.2547
13.2 258.335 205.599 52.7354
13.3 251.238 196.143 55.095
13.4 246.723 190.142 56.5807
13.5 246.224 189.504 56.7206
13.6 249.907 194.44 55.4674
13.7 256.631 203.423 53.2082
13.8 264.32 213.681 50.639
13.9 270.616 222.071 48.545
14 273.623 226.068 47.5547
14.1 272.489 224.543 47.9463
14.2 267.662 218.098 49.5639
14.3 260.742 208.871 51.8709
14.4 253.966 199.845 54.1207
14.5 249.509 193.918 55.5918
14.6 248.801 192.988 55.813
14.7 252.08 197.371 54.7095
14.8 258.331 205.708 52.6233
14.9 265.604 215.399 50.205
15 271.63 223.421 48.2084
15.1 274.534 227.278 47.2553
15.2 273.419 225.778 47.641
15.3 268.645 219.403 49.2424
15.4 261.716 210.159 51.5573
15.5 254.808 200.947 53.8608
15.6 250.092 194.661 55.4313
15.7 249.055 193.279 55.7753
15.8 252.036 197.255 54.781
15.9 258.124 205.37 52.7531
16 265.434 215.115 50.319
16.1 271.698 223.464 48.2339
16.2 274.96 227.812 47.148
16.3 274.184 226.779 47.4053
16.4 269.568 220.63 48.9385
16.5 262.482 211.191 51.2913
16.6 255.043 201.284 53.7597
16.7 249.46 193.85 55.6102
16.8 247.356 191.051 56.3048
16.9 249.275 193.61 55.6649
17 254.523 200.6 53.9226
17.1 261.396 209.751 51.6448
17.2 267.717 218.162 49.5546
17.3 271.513 223.207 48.3053
17.4 271.626 223.348 48.2781
17.5 268.069 218.604 49.4654
17.6 262.01 210.533 51.4766
17.7 255.401 201.739 53.6618
17.8 250.369 195.052 55.3168
17.9 248.547 192.644 55.903
18 250.568 195.352 55.2154
18.1 255.867 202.421 53.4465
18.2 262.857 211.731 51.126
18.3 269.414 220.456 48.958
18.4 273.539 225.935 47.6035
18.5 273.961 226.483 47.4782
18.6 270.533 221.907 48.6265
18.7 264.262 213.553 50.7096
18.8 256.999 203.887 53.1121
18.9 250.865 195.734 55.131
19 247.607 191.416 56.1911
19.1 248.069 192.051 56.0176
19.2 251.948 197.232 54.7159
19.3 257.91 205.178 52.732
19.4 264.02 213.311 50.7098
19.5 268.35 219.062 49.2882
19.6 269.579 220.677 48.9021
19.7 267.396 217.746 49.6504
19.8 262.582 211.313 51.2691
19.9 256.749 203.53 53.219
20 251.818 196.958 54.8598
20.1 249.405 193.751 55.654
20.2 250.307 194.969 55.3386
20.3 254.25 200.241 54.0087
20.4 259.973 207.885 52.0879
20.5 265.635 215.442 50.1935
20.6 269.4 220.46 48.9401
20.7 270.022 221.28 48.7426
20.8 267.254 217.572 49.6811
20.9 261.93 210.459 51.4714
21 255.722 202.171 53.5511
21.1 250.612 195.358 55.2543
21.2 248.275 192.254 56.0212
21.3 249.548 193.971 55.5764
21.4 254.153 200.134 54.019
21.5 260.773 208.976 51.7965
21.6 267.447 217.877 49.5695
21.7 272.169 224.16 48.0093
21.8 273.504 225.913 47.5906
21.9 271.033 222.588 48.4451
22 265.483 215.163 50.3194
22.1 258.512 205.86 52.6521
22.2 252.207 197.463 54.744
22.3 248.452 192.481 55.9703
22.4 248.359 192.39 55.9683
22.5 251.939 197.194 54.7447
22.6 258.107 205.437 52.6695
22.7 265.018 214.657 50.3611
22.8 270.637 222.14 48.4966
22.9 273.346 225.738 47.6082
23 272.433 224.507 47.9259
23.1 268.287 218.973 49.314
23.2 262.26 210.94 51.3199
23.3 256.237 202.919 53.3177
23.4 252.048 197.346 54.7026
23.5 250.909 195.834 55.0753
23.6 253.054 198.692 54.3613
23.7 257.677 204.849 52.8286
23.8 263.204 212.205 50.9995
23.9 267.787 218.302 49.4849
24 269.893 221.101 48.7927
24.1 268.781 219.612 49.1682
24.2 264.733 214.215 50.5178
24.3 258.969 206.532 52.437
24.4 253.263 198.927 54.3365
24.5 249.389 193.764 55.6254
24.6 248.571 192.676 55.8952
24.7 251.099 196.051 55.0482
24.8 256.238 202.91 53.3286
24.9 262.459 211.211 51.248
25 267.907 218.48 49.4272
25.1 270.978 222.574 48.4038
25.2 270.81 222.344 48.4667
25.3 267.546 217.979 49.5672
25.4 262.28 210.943 51.3365
25.5 256.709 203.506 53.2033
25.6 252.603 198.029 54.5735
25.7 251.248 196.232 55.0165
25.8 253.052 198.653 54.3997
25.9 257.423 204.495 52.9273
26 262.96 211.886 51.0737
26.1 267.9 218.468 49.4323
26.2 270.675 222.147 48.5272
26.3 270.397 221.748 48.6485
26.4 267.14 217.378 49.7623
26.5 261.912 210.39 51.5226
26.6 256.341 202.96 53.3808
26.7 252.162 197.404 54.7582
26.8 250.682 195.456 55.2259
26.9 252.371 197.733 54.6375
27 256.717 203.543 53.1737
27.1 262.387 211.102 51.2845
27.2 267.638 218.088 49.5502
27.3 270.854 222.351 48.5029
27.4 271.041 222.577 48.4639
27.5 268.128 218.681 49.4471
27.6 262.989 211.833 51.1563
27.7 257.172 204.095 53.0773
27.8 252.425 197.79 54.6343
27.9 250.165 194.8 55.3644
28 251.049 195.993 55.0565
28.1 254.783 200.97 53.8125
28.2 260.214 208.199 52.0148
28.3 265.691 215.483 50.2081
28.4 269.567 220.633 48.9342
28.5 270.7 222.132 48.5677
28.6 268.793 219.588 49.2049
28.7 264.476 213.839 50.6367
28.8 259.104 206.689 52.415
28.9 254.338 200.347 53.9911
29 251.636 196.752 54.8837
29.1 251.809 196.984 54.825
29.2 254.783 200.942 53.8406
29.3 259.629 207.39 52.2384
29.4 264.858 214.347 50.5119
29.5 268.886 219.699 49.1867
29.6 270.512 221.852 48.6595
29.7 269.287 220.21 49.0772
29.8 265.636 215.34 50.2958
29.9 260.717 208.79 51.9279
30 256.056 202.591 53.4656
30.1 253.074 198.635 54.4384
30.2 252.654 198.097 54.5571
30.3 254.88 201.081 53.7994
30.4 259.027 206.616 52.4117
30.5 263.799 212.971 50.8281
30.6 267.734 218.201 49.5329
30.7 269.66 220.749 48.9111
30.8 269.047 219.914 49.1323
30.9 266.15 216.046 50.1041
31 261.916 210.409 51.5077
31.1 257.674 204.771 52.9022
31.2 254.709 200.845 53.8641
31.3 253.874 199.756 54.1178
31.4 255.328 201.711 53.6174
31.5 258.511 205.957 52.5544
31.6 262.335 211.044 51.291
31.7 265.54 215.298 50.2428
31.8 267.097 217.352 49.7455
31.9 266.528 216.577 49.9512
32 264.047 213.263 50.7837
32.1 260.476 208.509 51.9673
32.2 256.976 203.857 53.1183
32.3 254.663 200.793 53.8697
32.4 254.256 200.267 53.9891
32.5 255.844 202.392 53.4518
32.6 258.865 206.418 52.4474
32.7 262.295 210.978 51.317
32.8 264.976 214.534 50.4419
32.9 266 215.881 50.1195
33 265.003 214.536 50.4664
33.1 262.285 210.906 51.3785
33.2 258.721 206.158 52.5631
33.3 255.483 201.851 53.6319
33.4 253.656 199.43 54.2258
33.5 253.892 199.76 54.1325
33.6 256.185 202.827 53.3586
33.7 259.86 207.727 52.1324
33.8 263.771 212.935 50.8363
33.9 266.658 216.77 49.8882
34 267.541 217.931 49.61
34.1 266.037 215.913 50.1238
34.2 262.496 211.187 51.3087
34.3 257.91 205.077 52.8324
34.4 253.622 199.374 54.2485
34.5 250.927 195.797 55.1306
34.6 250.673 195.472 55.2016
34.7 253.005 198.586 54.4184
34.8 257.31 204.322 52.9877
34.9 262.4 211.095 51.3047
35 266.863 217.027 49.8366
35.1 269.481 220.498 48.9836
35.2 269.59 220.629 48.961
35.3 267.271 217.533 49.7379
35.4 263.313 212.263 51.05
35.5 258.966 206.483 52.4829
35.6 255.554 201.954 53.6001
35.7 254.072 199.997 54.075
35.8 254.89 201.101 53.7887
35.9 257.65 204.787 52.8625
36 261.391 209.774 51.6163
36.1 264.859 214.393 50.4662
36.2 266.902 217.109 49.7933
36.3 266.833 217.008 49.8247
36.4 264.64 214.077 50.5626
36.5 260.991 209.206 51.7842
36.6 257.019 203.907 53.1115
36.7 253.968 199.839 54.1297
36.8 252.805 198.289 54.5167
36.9 253.913 199.768 54.1442
37 256.973 203.855 53.1179
37.1 261.065 209.32 51.7449
37.2 264.954 214.516 50.4387
37.3 267.472 217.882 49.5906
37.4 267.882 218.433 49.4485
37.5 266.099 216.058 50.041
37.6 262.716 211.546 51.1701
37.7 258.813 206.338 52.4746
37.8 255.613 202.068 53.5449
37.9 254.1 200.049 54.0515
38 254.715 200.867 53.848
38.1 257.219 204.204 53.0152
38.2 260.774 208.94 51.8335
38.3 264.213 213.521 50.6923
38.4 266.41 216.445 49.966
38.5 266.64 216.745 49.8945
38.6 264.804 214.296 50.5079
38.7 261.465 209.848 51.6163
38.8 257.672 204.801 52.8704
38.9 254.629 200.758 53.8713
39 253.317 199.021 54.2958
39.1 254.183 200.184 53.9992
39.2 256.997 203.936 53.0611
39.3 260.918 209.155 51.7626
39.4 264.75 214.25 50.4996
39.5 267.313 217.652 49.6613
39.6 267.81 218.301 49.5095
39.7 266.074 215.977 50.0972
39.8 262.621 211.369 51.2512
39.9 258.494 205.87 52.6243
40 254.946 201.144 53.8019
40.1 253.049 198.621 54.4288
40.2 253.366 199.047 54.3197
40.3 255.775 202.259 53.5159
40.4 259.506 207.232 52.2741
40.5 263.379 212.392 50.9868
40.6 266.168 216.106 50.0621
40.7 266.982 217.186 49.7962
40.8 265.544 215.263 50.2809
40.9 262.279 210.905 51.3737
41 258.188 205.449 52.7393
41.1 254.547 200.594 53.9522
41.2 252.508 197.882 54.6263
41.3 252.758 198.223 54.5342
41.4 255.294 201.617 53.6777
41.5 259.433 207.145 52.2883
41.6 264.009 213.251 50.7579
41.7 267.723 218.203 49.5209
41.8 269.538 220.614 48.9239
41.9 268.977 219.854 49.1234
42 266.261 216.219 50.0417
42.1 262.227 210.832 51.3947
42.2 258.069 205.288 52.7808
42.3 254.971 201.166 53.8045
42.4 253.756 199.562 54.1937
42.5 254.653 200.775 53.8774
42.6 257.247 204.247 52.9996
42.7 260.635 208.769 51.8662
42.8 263.722 212.876 50.845
42.9 265.563 215.314 50.2489
43 265.658 215.417 50.2403
43.1 264.088 213.302 50.786
43.2 261.47 209.796 51.6743
43.3 258.742 206.153 52.589
43.4 256.849 203.635 53.2142
43.5 256.438 203.101 53.3369
43.6 257.648 204.733 52.9146
43.7 260.075 207.988 52.0874
43.8 262.903 211.772 51.1308
43.9 265.174 214.808 50.3661
44 266.098 216.042 50.056
44.1 265.313 214.993 50.3198
44.2 263.002 211.909 51.0936
44.3 259.844 207.694 52.1499
44.4 256.797 203.629 53.1677
44.5 254.8 200.967 53.8334
44.6 254.478 200.539 53.9392
44.7 255.942 202.493 53.4486
44.8 258.752 206.243 52.5087
44.9 262.055 210.651 51.4047
45 264.847 214.375 50.4718
45.1 266.283 216.291 49.9915
45.2 265.941 215.836 50.1043
45.3 263.947 213.18 50.7673
45.4 260.936 209.167 51.7689
45.5 257.846 205.05 52.7957
45.6 255.628 202.097 53.5309
45.7 254.951 201.197 53.7531
45.8 255.995 202.591 53.4034
45.9 258.405 205.803 52.6019
46 261.408 209.801 51.6068
46.1 264.065 213.334 50.7309
46.2 265.565 215.323 50.2417
46.3 265.488 215.211 50.2768
46.4 263.93 213.129 50.8013
46.5 261.469 209.848 51.621
46.6 258.975 206.529 52.4461
46.7 257.332 204.347 52.9848
46.8 257.145 204.107 53.0388
46.9 258.547 205.978 52.568
47 261.143 209.437 51.7055
47.1 264.136 213.419 50.7174
47.2 266.569 216.648 49.9204
47.3 267.624 218.041 49.5826
47.4 266.883 217.045 49.8386
47.5 264.465 213.819 50.6462
47.6 260.993 209.196 51.7966
47.7 257.413 204.436 52.977
47.8 254.707 200.842 53.8645
47.9 253.594 199.37 54.2241
48 254.317 200.338 53.9788
48.1 256.569 203.338 53.2315
48.2 259.597 207.365 52.2324
48.3 262.435 211.135 51.3001
48.4 264.203 213.479 50.7239
48.5 264.376 213.702 50.6744
48.6 262.942 211.789 51.153
48.7 260.397 208.403 51.9943
48.8 257.579 204.659 52.92
48.9 255.405 201.776 53.6289
49 254.572 200.681 53.8918
49.1 255.346 201.721 53.625
49.2 257.469 204.553 52.9152
49.3 260.251 208.259 51.9922
49.4 262.788 211.633 51.1551
49.5 264.252 213.575 50.6769
49.6 264.155 213.439 50.7166
49.7 262.511 211.242 51.2685
49.8 259.831 207.669 52.1617
49.9 256.969 203.855 53.1137
50 254.851 201.032 53.8183
50.1 254.182 200.139 54.0431
50.2 255.221 201.517 53.7034
50.3 257.688 204.797 52.8913
50.4 260.848 208.999 51.8492
50.5 263.731 212.835 50.8965
50.6 265.434 215.103 50.3308
50.7 265.402 215.066 50.3355
50.8 263.605 212.683 50.9218
50.9 260.552 208.629 51.9225
51 257.143 204.101 53.0421
51.1 254.395 200.449 53.9456
51.2 253.131 198.77 54.3608
51.3 253.731 199.569 54.1614
51.4 256.012 202.606 53.4059
51.5 259.292 206.973 52.3191
51.6 262.595 211.372 51.2231
51.7 264.953 214.516 50.4379
51.8 265.707 215.524 50.1831
51.9 264.7 214.189 50.5117
52 262.325 211.03 51.2946
52.1 259.391 207.127 52.2642
52.2 256.866 203.767 53.0991
52.3 255.57 202.044 53.5266
52.4 255.918 202.51 53.4086
52.5 257.791 205.007 52.7846
52.6 260.578 208.72 51.8577
52.7 263.375 212.447 50.9286
52.8 265.28 214.983 50.2979
52.9 265.684 215.515 50.1688
53 264.466 213.885 50.5809
53.1 262.037 210.64 51.3967
53.2 259.208 206.862 52.3458
53.3 256.924 203.813 53.1117
53.4 255.961 202.524 53.4361
53.5 256.658 203.454 53.2046
53.6 258.807 206.319 52.4877
53.7 261.698 210.176 51.522
53.8 264.343 213.706 50.6374
53.9 265.794 215.642 50.1515
54 265.446 215.181 50.2657
54.1 263.257 212.262 50.9954
54.2 259.775 207.618 52.1569
54.3 255.995 202.576 53.4186
54.4 253.059 198.66 54.3992
54.5 251.905 197.12 54.7854
54.6 252.973 198.541 54.4312
54.7 256.046 202.638 53.408
54.8 260.304 208.315 51.9892
54.9 264.553 213.982 50.5716
55 267.582 218.023 49.559
55.1 268.524 219.284 49.2399
55.2 267.124 217.424 49.6995
55.3 263.822 213.03 50.792
55.4 259.629 207.447 52.1824
55.5 255.822 202.376 53.4464
55.6 253.563 199.365 54.198
55.7 253.548 199.341 54.2069
55.8 255.794 202.326 53.468
55.9 259.631 207.427 52.2038
56 263.907 213.11 50.7971
56.1 267.33 217.656 49.6745
56.2 268.867 219.691 49.1768
56.3 268.055 218.6 49.4552
56.4 265.143 214.719 50.4243
56.5 261.02 209.232 51.788
56.6 256.946 203.817 53.1287
56.7 254.172 200.138 54.0338
56.8 253.559 199.338 54.2208
56.9 255.32 201.697 53.6235
57 258.953 206.541 52.4119
57.1 263.39 212.448 50.9421
57.2 267.32 217.671 49.649
57.3 269.579 220.663 48.916
57.4 269.496 220.535 48.9612
57.5 267.095 217.323 49.7724
57.6 263.078 211.964 51.1134
57.7 258.611 206.017 52.5949
57.8 254.979 201.187 53.7923
57.9 253.195 198.824 54.3712
58 253.715 199.53 54.1847
58.1 256.309 202.996 53.3126
58.2 260.147 208.114 52.0324
58.3 264.064 213.332 50.7318
58.4 266.916 217.127 49.7893
58.5 267.926 218.464 49.4613
58.6 266.903 217.095 49.808
58.7 264.287 213.605 50.6815
58.8 260.988 209.21 51.7783
58.9 258.092 205.354 52.7377
59 256.509 203.251 53.2577
59.1 256.692 203.503 53.1889
59.2 258.502 205.922 52.5797
59.3 261.259 209.601 51.658
59.4 263.972 213.217 50.7555
59.5 265.659 215.46 50.199
59.6 265.671 215.467 50.2037
59.7 263.902 213.1 50.8016
59.8 260.836 209.007 51.829
59.9 257.397 204.421 52.9758
60 254.662 200.78 53.8823
60.1 253.523 199.27 54.2531
60.2 254.401 200.449 53.9513
60.3 257.102 204.058 53.0442
60.4 260.874 209.088 51.7861
60.5 264.623 214.081 50.5422
60.6 267.25 217.572 49.6778
60.7 267.981 218.534 49.4473
60.8 266.608 216.693 49.9156
60.9 263.555 212.617 50.9384
61 259.75 207.545 52.2054
61.1 256.349 203.015 53.3338
61.2 254.383 200.4 53.9839
61.3 254.45 200.489 53.9612
61.4 256.53 203.255 53.2743
61.5 259.994 207.862 52.1319
61.6 263.796 212.917 50.8791
61.7 266.786 216.892 49.894
61.8 268.056 218.582 49.474
61.9 267.215 217.467 49.7476
62 264.5 213.863 50.6369
62.1 260.701 208.819 51.8824
62.2 256.923 203.801 53.1219
62.3 254.246 200.246 54.0003
62.4 253.4 199.123 54.2767
62.5 254.549 200.653 53.8962
62.6 257.246 204.241 53.0049
62.7 260.574 208.67 51.9043
62.8 263.435 212.477 50.9573
62.9 264.885 214.409 50.4762
63 264.434 213.808 50.6259
63.1 262.188 210.817 51.3716
63.2 258.829 206.34 52.489
63.3 255.399 201.768 53.6315
63.4 252.99 198.554 54.4362
63.5 252.405 197.77 54.6352
63.6 253.91 199.771 54.1383
63.7 257.153 204.091 53.0621
63.8 261.264 209.568 51.6959
63.9 265.113 214.697 50.4157
64 267.645 218.073 49.5721
64.1 268.193 218.806 49.3868
64.2 266.668 216.779 49.8882
64.3 263.58 212.674 50.9058
64.4 259.88 207.756 52.1237
64.5 256.674 203.498 53.1763
64.6 254.892 201.134 53.7576
64.7 255.018 201.309 53.7098
64.8 256.96 203.894 53.066
64.9 260.087 208.051 52.0357
65 263.431 212.493 50.9383
65.1 265.984 215.879 50.105
65.2 266.994 217.213 49.7811
65.3 266.181 216.125 50.0556
65.4 263.808 212.969 50.8395
65.5 260.59 208.693 51.8975
65.6 257.465 204.543 52.9213
65.7 255.313 201.69 53.6233
65.8 254.703 200.884 53.8194
65.9 255.731 202.251 53.4798
66 258.014 205.283 52.7312
66.1 260.823 209.011 51.8129
66.2 263.313 212.311 51.002
66.3 264.777 214.248 50.5292
66.4 264.851 214.338 50.5132
66.5 263.601 212.669 50.9315
66.6 261.477 209.842 51.6351
66.7 259.156 206.755 52.4013
66.8 257.321 204.315 53.0061
66.9 256.45 203.157 53.2931
67 256.679 203.461 53.2177
67.1 257.785 204.932 52.8535
67.2 259.281 206.92 52.3606
67.3 260.589 208.661 51.9276
67.4 261.24 209.533 51.7073
67.5 261.032 209.266 51.7661
67.6 260.085 208.021 52.0645
67.7 258.796 206.323 52.4734
67.8 257.698 204.878 52.8204
67.9 257.277 204.328 52.9494
68 257.801 205.026 52.775
68.1 259.224 206.911 52.3135
68.2 261.193 209.513 51.6798
68.3 263.151 212.099 51.0529
68.4 264.516 213.896 50.6198
68.5 264.858 214.341 50.5171
68.6 264.041 213.254 50.7869
68.7 262.27 210.907 51.3629
68.8 260.031 207.942 52.089
68.9 257.943 205.177 52.7656
69 256.577 203.367 53.2095
69.1 256.281 202.973 53.3081
69.2 257.082 204.03 53.0519
69.3 258.68 206.144 52.5357
69.4 260.553 208.625 51.9277
69.5 262.117 210.701 51.4167
69.6 262.911 211.756 51.1542
69.7 262.731 211.523 51.2084
69.8 261.693 210.148 51.5452
69.9 260.18 208.139 52.0416
70 258.715 206.188 52.5274
70.1 257.786 204.945 52.8407
70.2 257.689 204.808 52.881
70.3 258.433 205.792 52.6412
70.4 259.744 207.535 52.2089
70.5 261.16 209.425 51.7357
70.6 262.192 210.806 51.3854
70.7 262.489 211.212 51.2774
70.8 261.965 210.521 51.4444
70.9 260.828 209.009 51.8199
71 259.516 207.258 52.2587
71.1 258.55 205.964 52.5862
71.2 258.353 205.695 52.6585
71.3 259.103 206.689 52.4142
71.4 260.654 208.754 51.9
71.5 262.573 211.313 51.2606
71.6 264.265 213.57 50.6951
71.7 265.162 214.768 50.3937
71.8 264.911 214.436 50.4751
71.9 263.494 212.549 50.9449
72 261.251 209.561 51.6894
72.1 258.782 206.274 52.5073
72.2 256.772 203.602 53.1703
72.3 255.781 202.288 53.4932
72.4 256.07 202.679 53.3916
72.5 257.519 204.611 52.9081
72.6 259.659 207.459 52.1997
72.7 261.819 210.329 51.4893
72.8 263.329 212.333 50.9964
72.9 263.731 212.861 50.8694
73 262.917 211.778 51.1399
73.1 261.169 209.455 51.7138
73.2 259.062 206.661 52.401
73.3 257.29 204.314 52.9762
73.4 256.444 203.195 53.2489
73.5 256.821 203.697 53.1245
73.6 258.332 205.697 52.6347
73.7 260.517 208.588 51.9294
73.8 262.691 211.46 51.2312
73.9 264.147 213.379 50.7676
74 264.382 213.682 50.6999
74.1 263.256 212.184 51.0723
74.2 261.042 209.247 51.7954
74.3 258.349 205.678 52.6714
74.4 255.943 202.491 53.4521
74.5 254.514 200.6 53.914
74.6 254.464 200.538 53.9264
74.7 255.786 202.294 53.4918
74.8 258.062 205.314 52.7473
74.9 260.586 208.663 51.9231
75 262.587 211.314 51.2728
75.1 263.456 212.46 50.9955
75.2 262.942 211.768 51.1741
75.3 261.226 209.478 51.7479
75.4 258.867 206.336 52.5309
75.5 256.629 203.361 53.2686
75.6 255.248 201.531 53.7164
75.7 255.197 201.48 53.7164
75.8 256.544 203.296 53.2479
75.9 258.927 206.493 52.4343
76 261.663 210.156 51.5068
76.1 263.958 213.224 50.7333
76.2 265.148 214.811 50.3365
76.3 264.903 214.478 50.4257
76.4 263.326 212.362 50.9643
76.5 260.913 209.131 51.7825
76.6 258.401 205.77 52.631
76.7 256.535 203.277 53.2578
76.8 255.847 202.361 53.4859
76.9 256.491 203.226 53.2648
77 258.211 205.528 52.6828
77.1 260.429 208.494 51.9352
77.2 262.439 211.179 51.2604
77.3 263.628 212.765 50.863
77.4 263.674 212.824 50.8503
77.5 262.638 211.438 51.2005
77.6 260.939 209.166 51.7728
77.7 259.206 206.85 52.3559
77.8 258.07 205.331 52.7386
77.9 257.95 205.17 52.7805
78 258.916 206.457 52.4585
78.1 260.657 208.781 51.876
78.2 262.587 211.357 51.2292
78.3 264.033 213.289 50.7435
78.4 264.461 213.863 50.598
78.5 263.659 212.795 50.8645
78.6 261.818 210.338 51.4797
78.7 259.48 207.218 52.2616
78.8 257.376 204.41 52.9656
78.9 256.19 202.828 53.3622
79 256.336 203.023 53.3134
79.1 257.81 204.989 52.821
79.2 260.174 208.141 52.0323
79.3 262.68 211.481 51.1985
79.4 264.495 213.897 50.5987
79.5 264.961 214.508 50.4523
79.6 263.807 212.96 50.8472
79.7 261.255 209.548 51.707
79.8 257.967 205.159 52.8082
79.9 254.862 201.019 53.843
80 252.847 198.337 54.51
80.1 252.546 197.941 54.6044
80.2 254.105 200.024 54.0811
80.3 257.146 204.076 53.0701
80.4 260.865 209.024 51.8407
80.5 264.264 213.54 50.7235
80.6 266.44 216.425 50.0146
80.7 266.845 216.955 49.8902
80.8 265.445 215.088 50.357
80.9 262.721 211.468 51.253
81 259.521 207.223 52.2977
81.1 256.807 203.63 53.1766
81.2 255.366 201.731 53.6348
81.3 255.582 202.031 53.5509
81.4 257.325 204.354 52.9706
81.5 260.002 207.911 52.0902
81.6 262.74 211.545 51.1951
81.7 264.658 214.086 50.5723
81.8 265.134 214.71 50.4232
81.9 263.993 213.189 50.8034
82 261.559 209.953 51.6058
82.1 258.553 205.959 52.594
82.2 255.87 202.395 53.4748
82.3 254.303 200.316 53.9876
82.4 254.307 200.324 53.9837
82.5 255.856 202.384 53.4717
82.6 258.457 205.843 52.614
82.7 261.303 209.627 51.6761
82.8 263.525 212.581 50.9448
82.9 264.459 213.82 50.6388
83 263.849 213.007 50.8416
83.1 261.925 210.449 51.4763
83.2 259.329 206.999 52.3303
83.3 256.908 203.785 53.1228
83.4 255.446 201.852 53.5938
83.5 255.421 201.834 53.5868
83.6 256.846 203.748 53.0987
83.7 259.272 206.99 52.282
83.8 261.921 210.524 51.397
83.9 263.936 213.207 50.7291
84 264.654 214.155 50.4981
84.1 263.82 213.034 50.7864
84.2 261.679 210.168 51.5102
84.3 258.904 206.462 52.4423
84.4 256.399 203.117 53.2814
84.5 255.011 201.266 53.7449
84.6 255.268 201.609 53.6588
84.7 257.199 204.184 53.0148
84.8 260.313 208.334 51.9783
84.9 263.728 212.885 50.8429
85 266.435 216.49 49.945
85.1 267.589 218.025 49.564
85.2 266.772 216.934 49.8378
85.3 264.119 213.399 50.7198
85.4 260.293 208.304 51.9894
85.5 256.297 202.982 53.3143
85.6 253.184 198.839 54.3453
85.7 251.761 196.945 54.816
85.8 252.357 197.739 54.618
85.9 254.736 200.906 53.8297
86 258.176 205.486 52.6901
86.1 261.689 210.163 51.5266
86.2 264.313 213.655 50.6586
86.3 265.39 215.085 50.3044
86.4 264.746 214.224 50.5217
86.5 262.726 211.531 51.1957
86.6 260.069 207.988 52.0809
86.7 257.666 204.786 52.8802
86.8 256.282 202.944 53.3381
86.9 256.324 203.005 53.3194
87 257.724 204.876 52.8475
87.1 259.972 207.878 52.0936
87.2 262.29 210.971 51.3186
87.3 263.882 213.093 50.7888
87.4 264.192 213.502 50.6901
87.5 263.075 212.005 51.0698
87.6 260.84 209.017 51.8223
87.7 258.151 205.428 52.7235
87.8 255.816 202.313 53.503
87.9 254.524 200.594 53.9297
88 254.637 200.753 53.884
88.1 256.077 202.682 53.3952
88.2 258.355 205.726 52.6295
88.3 260.733 208.897 51.8359
88.4 262.462 211.197 51.2655
88.5 263.023 211.933 51.0903
88.6 262.291 210.943 51.3487
88.7 260.576 208.643 51.9331
88.8 258.521 205.895 52.6257
88.9 256.891 203.722 53.1692
89 256.329 202.978 53.3506
89.1 257.138 204.067 53.0717
89.2 259.179 206.796 52.3835
89.3 261.903 210.43 51.4729
89.4 264.516 213.91 50.6064
89.5 266.225 216.177 50.0478
89.6 266.484 216.509 49.9752
89.7 265.173 214.749 50.4243
89.8 262.642 211.367 51.2745
89.9 259.611 207.328 52.2829
90 256.962 203.806 53.1564
90.1 255.471 201.832 53.6393
90.2 255.576 201.986 53.5899
90.3 257.243 204.22 53.0234
90.4 259.979 207.872 52.107
90.5 262.975 211.865 51.1099
90.6 265.356 215.033 50.3227
90.7 266.437 216.467 49.9702
90.8 265.932 215.787 50.1452
90.9 264.031 213.249 50.7823
91 261.34 209.66 51.6798
91.1 258.687 206.124 52.5626
91.2 256.868 203.701 53.1674
91.3 256.405 203.082 53.3225
91.4 257.382 204.381 53.0002
91.5 259.427 207.103 52.3239
91.6 261.83 210.302 51.5287
91.7 263.764 212.877 50.8877
91.8 264.546 213.919 50.6265
91.9 263.848 212.995 50.8529
92 261.81 210.288 51.5217
92.1 258.995 206.547 52.4473
92.2 256.224 202.865 53.3594
92.3 254.329 200.344 53.9841
92.4 253.896 199.769 54.1275
92.5 255.093 201.359 53.7341
92.6 257.611 204.707 52.9047
92.7 260.761 208.895 51.8661
92.8 263.675 212.772 50.9036
92.9 265.568 215.291 50.2763
93 265.965 215.824 50.1407
93.1 264.84 214.334 50.5065
93.2 262.614 211.378 51.2365
93.3 260.015 207.923 52.0916
93.4 257.851 205.046 52.8054
93.5 256.763 203.596 53.1667
93.6 257.025 203.942 53.0833
93.7 258.468 205.859 52.6092
93.8 260.539 208.614 51.9256
93.9 262.48 211.198 51.2824
94 263.571 212.653 50.9184
94.1 263.362 212.377 50.9844
94.2 261.816 210.323 51.4937
94.3 259.333 207.017 52.3155
94.4 256.623 203.409 53.2133
94.5 254.494 200.577 53.9173
94.6 253.603 199.396 54.2073
94.7 254.251 200.269 53.9823
94.8 256.285 202.992 53.2927
94.9 259.146 206.819 52.3269
95 262.033 210.678 51.3548
95.1 264.152 213.507 50.6456
95.2 264.951 214.565 50.3864
95.3 264.287 213.662 50.6252
95.4 262.463 211.205 51.2582
95.5 260.128 208.065 52.0628
95.6 258.07 205.301 52.7692
95.7 256.972 203.828 53.1448
95.8 257.2 204.134 53.0665
95.9 258.691 206.133 52.5585
96 260.98 209.197 51.7828
96.1 263.344 212.357 50.9865
96.2 265.032 214.608 50.4239
96.3 265.497 215.219 50.2776
96.4 264.557 213.954 50.6028
96.5 262.451 211.138 51.3132
96.6 259.755 207.545 52.2104
96.7 257.205 204.157 53.0477
96.8 255.467 201.862 53.6054
96.9 254.944 201.188 53.7568
97 255.665 202.164 53.5014
97.1 257.29 204.331 52.9588
97.2 259.231 206.905 52.3261
97.3 260.844 209.031 51.813
97.4 261.631 210.055 51.5762
97.5 261.39 209.717 51.673
97.6 260.27 208.222 52.0483
97.7 258.709 206.153 52.5561
97.8 257.289 204.28 53.0085
97.9 256.545 203.308 53.2368
98 256.796 203.652 53.1442
98.1 258.041 205.305 52.7358
98.2 259.961 207.845 52.1164
98.3 262.02 210.562 51.4581
98.4 263.63 212.682 50.9476
98.5 264.334 213.605 50.729
98.6 263.949 213.088 50.8601
98.7 262.614 211.319 51.2949
98.8 260.755 208.857 51.8979
98.9 258.94 206.454 52.486
99 257.711 204.826 52.885
99.1 257.407 204.423 52.9835
99.2 258.066 205.298 52.7677
99.3 259.413 207.088 52.3253
99.4 260.953 209.136 51.8174
99.5 262.13 210.703 51.4267
99.6 262.508 211.21 51.2975
99.7 261.918 210.43 51.4878
99.8 260.515 208.567 51.948
99.9 258.734 206.2 52.5346
Wall clock time taken: 46.1668 seconds
