0 2.84972e+07 2.5e+07 3.49723e+06
0.1 5.99739e+20 5.99739e+20 3.05778e+10
0.2 3.72558e+20 3.72558e+20 4.7315e+10
0.3 1.11202e+21 1.11202e+21 7.43044e+10
0.4 1.99146e+21 1.99146e+21 1.0815e+11
0.5 2.13801e+21 2.13801e+21 1.26765e+11
0.6 2.72511e+21 2.72511e+21 1.50354e+11
0.7 3.08469e+21 3.08469e+21 1.78281e+11
0.8 3.01398e+21 3.01398e+21 1.94411e+11
0.9 3.75593e+21 3.75593e+21 2.20341e+11
1 4.54728e+21 4.54728e+21 2.54869e+11
1.1 4.74882e+21 4.74882e+21 2.74321e+11
1.2 5.35407e+21 5.35407e+21 2.97831e+11
1.3 5.89028e+21 5.89028e+21 3.29627e+11
1.4 5.9423e+21 5.9423e+21 3.47008e+11
1.5 6.6963e+21 6.6963e+21 3.72062e+11
1.6 7.4611e+21 7.4611e+21 4.06829e+11
1.7 7.33179e+21 7.33179e+21 4.20707e+11
1.8 7.70763e+21 7.70763e+21 4.40551e+11
1.9 8.24487e+21 8.24487e+21 4.73582e+11
2 8.28766e+21 8.28766e+21 4.90879e+11
2.1 9.43311e+21 9.43311e+21 5.22178e+11
2.2 1.06174e+22 1.06174e+22 5.63141e+11
2.3 1.0513e+22 1.0513e+22 5.76023e+11
2.4 1.08799e+22 1.08799e+22 5.96069e+11
2.5 1.10738e+22 1.10738e+22 6.23544e+11
2.6 1.06252e+22 1.06252e+22 6.32876e+11
2.7 1.17066e+22 1.17066e+22 6.64852e+11
2.8 1.29054e+22 1.29054e+22 7.06039e+11
2.9 1.30863e+22 1.30863e+22 7.23412e+11
3 1.40198e+22 1.40198e+22 7.52788e+11
3.1 1.43533e+22 1.43533e+22 7.80254e+11
3.2 1.38449e+22 1.38449e+22 7.88486e+11
3.3 1.46543e+22 1.46543e+22 8.17212e+11
3.4 1.52827e+22 1.52827e+22 8.48154e+11
3.5 1.52803e+22 1.52803e+22 8.64189e+11
3.6 1.62628e+22 1.62628e+22 8.95664e+11
3.7 1.68006e+22 1.68006e+22 9.25264e+11
3.8 1.69027e+22 1.69027e+22 9.44137e+11
3.9 1.8037e+22 1.8037e+22 9.76716e+11
4 1.86422e+22 1.86422e+22 1.00513e+12
4.1 1.84244e+22 1.84244e+22 1.01985e+12
4.2 1.87804e+22 1.87804e+22 1.04088e+12
4.3 1.89282e+22 1.89282e+22 1.06345e+12
4.4 1.89445e+22 1.89445e+22 1.08425e+12
4.5 2.0144e+22 2.0144e+22 1.1179e+12
4.6 2.14486e+22 2.14486e+22 1.15598e+12
4.7 2.1805e+22 2.1805e+22 1.1802e+12
4.8 2.22043e+22 2.22043e+22 1.2e+12
4.9 2.22881e+22 2.22881e+22 1.22052e+12
5 2.16062e+22 2.16062e+22 1.2317e+12
5.1 2.20747e+22 2.20747e+22 1.25393e+12
5.2 2.33653e+22 2.33653e+22 1.29269e+12
5.3 2.38083e+22 2.38083e+22 1.3201e+12
5.4 2.48406e+22 2.48406e+22 1.34985e+12
5.5 2.58934e+22 2.58934e+22 1.38332e+12
5.6 2.52814e+22 2.52814e+22 1.39398e+12
5.7 2.54188e+22 2.54188e+22 1.41186e+12
5.8 2.61159e+22 2.61159e+22 1.44078e+12
5.9 2.56386e+22 2.56386e+22 1.45348e+12
6 2.64819e+22 2.64819e+22 1.48342e+12
6.1 2.78556e+22 2.78556e+22 1.52228e+12
6.2 2.78407e+22 2.78407e+22 1.54121e+12
6.3 2.89769e+22 2.89769e+22 1.57509e+12
6.4 2.99533e+22 2.99533e+22 1.60522e+12
6.5 2.90694e+22 2.90694e+22 1.61094e+12
6.6 2.93752e+22 2.93752e+22 1.63494e+12
6.7 2.98668e+22 2.98668e+22 1.65787e+12
6.8 2.94906e+22 2.94906e+22 1.67294e+12
6.9 3.09701e+22 3.09701e+22 1.71603e+12
7 3.24537e+22 3.24537e+22 1.75111e+12
7.1 3.25117e+22 3.25117e+22 1.77153e+12
7.2 3.33288e+22 3.33288e+22 1.80357e+12
7.3 3.3428e+22 3.3428e+22 1.81632e+12
7.4 3.25009e+22 3.25009e+22 1.82531e+12
7.5 3.30999e+22 3.30999e+22 1.8558e+12
7.6 3.39655e+22 3.39655e+22 1.87875e+12
7.7 3.42779e+22 3.42779e+22 1.90836e+12
7.8 3.56012e+22 3.56012e+22 1.94943e+12
7.9 3.67418e+22 3.67418e+22 1.97324e+12
8 3.66758e+22 3.66758e+22 1.99702e+12
8.1 3.68979e+22 3.68979e+22 2.02088e+12
8.2 3.71729e+22 3.71729e+22 2.0317e+12
8.3 3.66187e+22 3.66187e+22 2.05069e+12
8.4 3.68941e+22 3.68941e+22 2.07657e+12
8.5 3.68055e+22 3.68055e+22 2.10478e+12
8.6 3.89798e+22 3.89798e+22 2.14335e+12
8.7 4.00464e+22 4.00464e+22 2.17816e+12
8.8 3.99573e+22 3.99573e+22 2.20323e+12
8.9 4.06744e+22 4.06744e+22 2.21898e+12
9 3.98786e+22 3.98786e+22 2.22777e+12
9.1 3.9005e+22 3.9005e+22 2.24423e+12
9.2 4.02237e+22 4.02237e+22 2.26916e+12
9.3 4.12677e+22 4.12677e+22 2.30605e+12
9.4 4.23016e+22 4.23016e+22 2.34978e+12
9.5 4.39399e+22 4.39399e+22 2.37728e+12
9.6 4.40734e+22 4.40734e+22 2.39883e+12
9.7 4.32695e+22 4.32695e+22 2.41562e+12
9.8 4.32875e+22 4.32875e+22 2.42082e+12
9.9 4.34713e+22 4.34713e+22 2.44589e+12
10 4.37719e+22 4.37719e+22 2.47859e+12
10.1 4.5067e+22 4.5067e+22 2.50239e+12
10.2 4.62543e+22 4.62543e+22 2.5435e+12
10.3 4.65089e+22 4.65089e+22 2.5733e+12
10.4 4.7206e+22 4.7206e+22 2.58679e+12
10.5 4.7748e+22 4.7748e+22 2.6188e+12
10.6 4.70897e+22 4.70897e+22 2.63335e+12
10.7 4.72716e+22 4.72716e+22 2.64063e+12
10.8 4.78469e+22 4.78469e+22 2.67575e+12
10.9 4.7639e+22 4.7639e+22 2.69695e+12
11 4.91017e+22 4.91017e+22 2.72586e+12
11.1 5.09646e+22 5.09646e+22 2.77928e+12
11.2 5.10874e+22 5.10874e+22 2.79951e+12
11.3 5.17302e+22 5.17302e+22 2.81517e+12
11.4 5.15354e+22 5.15354e+22 2.83895e+12
11.5 4.99112e+22 4.99112e+22 2.8346e+12
11.6 5.06227e+22 5.06227e+22 2.85626e+12
11.7 5.19352e+22 5.19352e+22 2.90369e+12
11.8 5.26209e+22 5.26209e+22 2.93185e+12
11.9 5.49019e+22 5.49019e+22 2.97533e+12
12 5.56211e+22 5.56211e+22 3.00923e+12
12.1 5.43871e+22 5.43871e+22 3.00762e+12
12.2 5.45502e+22 5.45502e+22 3.02333e+12
12.3 5.41857e+22 5.41857e+22 3.04267e+12
12.4 5.39579e+22 5.39579e+22 3.05776e+12
12.5 5.59626e+22 5.59626e+22 3.10204e+12
12.6 5.7085e+22 5.7085e+22 3.14144e+12
12.7 5.76025e+22 5.76025e+22 3.16676e+12
12.8 5.88607e+22 5.88607e+22 3.19834e+12
12.9 5.85631e+22 5.85631e+22 3.21435e+12
13 5.79292e+22 5.79292e+22 3.22402e+12
13.1 5.82749e+22 5.82749e+22 3.24357e+12
13.2 5.82231e+22 5.82231e+22 3.26437e+12
13.3 5.88208e+22 5.88208e+22 3.29418e+12
13.4 6.03153e+22 6.03153e+22 3.33075e+12
13.5 6.14102e+22 6.14102e+22 3.36775e+12
13.6 6.22553e+22 6.22553e+22 3.39842e+12
13.7 6.25267e+22 6.25267e+22 3.41332e+12
13.8 6.20768e+22 6.20768e+22 3.42891e+12
13.9 6.15772e+22 6.15772e+22 3.44193e+12
14 6.162e+22 6.162e+22 3.45471e+12
14.1 6.26241e+22 6.26241e+22 3.49476e+12
14.2 6.38063e+22 6.38063e+22 3.5322e+12
14.3 6.50223e+22 6.50223e+22 3.56007e+12
14.4 6.62284e+22 6.62284e+22 3.60194e+12
14.5 6.60058e+22 6.60058e+22 3.61533e+12
14.6 6.55332e+22 6.55332e+22 3.61834e+12
14.7 6.56732e+22 6.56732e+22 3.64771e+12
14.8 6.5154e+22 6.5154e+22 3.65733e+12
14.9 6.58638e+22 6.58638e+22 3.67978e+12
15 6.76442e+22 6.76442e+22 3.73495e+12
15.1 6.81992e+22 6.81992e+22 3.75837e+12
15.2 6.95225e+22 6.95225e+22 3.78848e+12
15.3 7.05138e+22 7.05138e+22 3.82857e+12
15.4 6.91692e+22 6.91692e+22 3.822e+12
15.5 6.89578e+22 6.89578e+22 3.83358e+12
15.6 6.92127e+22 6.92127e+22 3.86499e+12
15.7 6.88164e+22 6.88164e+22 3.87372e+12
15.8 7.09009e+22 7.09009e+22 3.92209e+12
15.9 7.28732e+22 7.28732e+22 3.97585e+12
16 7.30201e+22 7.30201e+22 3.98862e+12
16.1 7.38994e+22 7.38994e+22 4.01763e+12
16.2 7.32324e+22 7.32324e+22 4.03102e+12
16.3 7.16841e+22 7.16841e+22 4.02259e+12
16.4 7.26109e+22 7.26109e+22 4.05626e+12
16.5 7.34752e+22 7.34752e+22 4.09126e+12
16.6 7.43407e+22 7.43407e+22 4.11928e+12
16.7 7.64435e+22 7.64435e+22 4.16901e+12
16.8 7.68284e+22 7.68284e+22 4.1933e+12
16.9 7.65029e+22 7.65029e+22 4.20378e+12
17 7.68878e+22 7.68878e+22 4.22763e+12
17.1 7.63678e+22 7.63678e+22 4.23929e+12
17.2 7.6408e+22 7.6408e+22 4.25846e+12
17.3 7.74302e+22 7.74302e+22 4.29048e+12
17.4 7.79421e+22 7.79421e+22 4.31805e+12
17.5 7.88907e+22 7.88907e+22 4.35347e+12
17.6 8.01855e+22 8.01855e+22 4.38638e+12
17.7 8.08607e+22 8.08607e+22 4.4133e+12
17.8 8.09333e+22 8.09333e+22 4.43504e+12
17.9 8.04873e+22 8.04873e+22 4.44106e+12
18 8.01571e+22 8.01571e+22 4.45608e+12
18.1 8.00553e+22 8.00553e+22 4.47841e+12
18.2 8.08569e+22 8.08569e+22 4.50413e+12
18.3 8.29932e+22 8.29932e+22 4.55692e+12
18.4 8.42778e+22 8.42778e+22 4.59606e+12
18.5 8.4826e+22 8.4826e+22 4.61304e+12
18.6 8.51313e+22 8.51313e+22 4.63789e+12
18.7 8.35181e+22 8.35181e+22 4.63549e+12
18.8 8.28214e+22 8.28214e+22 4.63868e+12
18.9 8.42232e+22 8.42232e+22 4.68285e+12
19 8.47745e+22 8.47745e+22 4.71124e+12
19.1 8.64936e+22 8.64936e+22 4.75054e+12
19.2 8.86193e+22 8.86193e+22 4.80243e+12
19.3 8.77914e+22 8.77914e+22 4.80567e+12
19.4 8.75958e+22 8.75958e+22 4.81834e+12
19.5 8.78593e+22 8.78593e+22 4.84431e+12
19.6 8.65554e+22 8.65554e+22 4.84162e+12
19.7 8.76985e+22 8.76985e+22 4.87725e+12
19.8 8.93802e+22 8.93802e+22 4.92296e+12
19.9 8.93216e+22 8.93216e+22 4.9388e+12
20 9.11566e+22 9.11566e+22 4.9856e+12
20.1 9.21726e+22 9.21726e+22 5.01628e+12
20.2 9.10744e+22 9.10744e+22 5.01582e+12
20.3 9.16289e+22 9.16289e+22 5.04586e+12
20.4 9.1419e+22 9.1419e+22 5.05722e+12
20.5 9.05666e+22 9.05666e+22 5.06412e+12
20.6 9.22185e+22 9.22185e+22 5.11309e+12
20.7 9.34485e+22 9.34485e+22 5.14356e+12
20.8 9.41626e+22 9.41626e+22 5.17447e+12
20.9 9.58458e+22 9.58458e+22 5.2203e+12
21 9.57861e+22 9.57861e+22 5.2265e+12
21.1 9.48216e+22 9.48216e+22 5.23616e+12
21.2 9.47981e+22 9.47981e+22 5.25858e+12
21.3 9.47714e+22 9.47714e+22 5.26568e+12
21.4 9.53807e+22 9.53807e+22 5.3025e+12
21.5 9.69029e+22 9.69029e+22 5.34728e+12
21.6 9.8439e+22 9.8439e+22 5.37546e+12
21.7 9.93327e+22 9.93327e+22 5.41507e+12
21.8 9.93568e+22 9.93568e+22 5.43334e+12
21.9 9.92358e+22 9.92358e+22 5.4373e+12
22 9.84816e+22 9.84816e+22 5.45549e+12
22.1 9.78934e+22 9.78934e+22 5.46577e+12
22.2 9.84945e+22 9.84945e+22 5.49482e+12
22.3 1.00361e+23 1.00361e+23 5.54219e+12
22.4 1.01531e+23 1.01531e+23 5.57604e+12
22.5 1.02297e+23 1.02297e+23 5.61577e+12
22.6 1.03397e+23 1.03397e+23 5.63613e+12
22.7 1.02123e+23 1.02123e+23 5.63374e+12
22.8 1.00995e+23 1.00995e+23 5.65016e+12
22.9 1.01426e+23 1.01426e+23 5.66281e+12
23 1.02037e+23 1.02037e+23 5.69114e+12
23.1 1.03646e+23 1.03646e+23 5.7482e+12
23.2 1.05535e+23 1.05535e+23 5.77863e+12
23.3 1.06321e+23 1.06321e+23 5.8078e+12
23.4 1.06082e+23 1.06082e+23 5.83468e+12
23.5 1.05366e+23 1.05366e+23 5.82632e+12
23.6 1.0512e+23 1.0512e+23 5.84574e+12
23.7 1.0511e+23 1.0511e+23 5.87598e+12
23.8 1.05852e+23 1.05852e+23 5.88873e+12
23.9 1.07531e+23 1.07531e+23 5.93971e+12
24 1.08158e+23 1.08158e+23 5.9768e+12
24.1 1.08972e+23 1.08972e+23 5.98932e+12
24.2 1.10225e+23 1.10225e+23 6.03382e+12
24.3 1.09416e+23 1.09416e+23 6.04526e+12
24.4 1.09158e+23 1.09158e+23 6.04364e+12
24.5 1.09632e+23 1.09632e+23 6.07983e+12
24.6 1.08598e+23 1.08598e+23 6.08724e+12
24.7 1.09856e+23 1.09856e+23 6.11323e+12
24.8 1.12259e+23 1.12259e+23 6.17909e+12
24.9 1.12675e+23 1.12675e+23 6.20193e+12
25 1.14326e+23 1.14326e+23 6.23109e+12
25.1 1.14544e+23 1.14544e+23 6.26089e+12
25.2 1.11936e+23 1.11936e+23 6.23943e+12
25.3 1.12056e+23 1.12056e+23 6.25357e+12
25.4 1.12676e+23 1.12676e+23 6.29106e+12
25.5 1.12983e+23 1.12983e+23 6.31348e+12
25.6 1.16367e+23 1.16367e+23 6.37735e+12
25.7 1.17977e+23 1.17977e+23 6.42217e+12
25.8 1.1722e+23 1.1722e+23 6.42434e+12
25.9 1.1755e+23 1.1755e+23 6.44462e+12
26 1.16071e+23 1.16071e+23 6.44502e+12
26.1 1.15044e+23 1.15044e+23 6.44827e+12
26.2 1.16976e+23 1.16976e+23 6.49475e+12
26.3 1.17969e+23 1.17969e+23 6.5298e+12
26.4 1.19269e+23 1.19269e+23 6.56808e+12
26.5 1.21199e+23 1.21199e+23 6.61147e+12
26.6 1.20832e+23 1.20832e+23 6.62247e+12
26.7 1.20474e+23 1.20474e+23 6.63727e+12
26.8 1.20381e+23 1.20381e+23 6.65102e+12
26.9 1.19574e+23 1.19574e+23 6.65816e+12
27 1.20231e+23 1.20231e+23 6.69079e+12
27.1 1.21353e+23 1.21353e+23 6.72156e+12
27.2 1.22433e+23 1.22433e+23 6.7591e+12
27.3 1.24199e+23 1.24199e+23 6.80699e+12
27.4 1.2485e+23 1.2485e+23 6.8241e+12
27.5 1.24749e+23 1.24749e+23 6.84384e+12
27.6 1.2419e+23 1.2419e+23 6.85827e+12
27.7 1.23112e+23 1.23112e+23 6.8507e+12
27.8 1.23541e+23 1.23541e+23 6.88347e+12
27.9 1.24447e+23 1.24447e+23 6.92065e+12
28 1.25686e+23 1.25686e+23 6.94719e+12
28.1 1.28123e+23 1.28123e+23 7.00926e+12
28.2 1.28604e+23 1.28604e+23 7.033e+12
28.3 1.28105e+23 1.28105e+23 7.03157e+12
28.4 1.28176e+23 1.28176e+23 7.06144e+12
28.5 1.26531e+23 1.26531e+23 7.05432e+12
28.6 1.26475e+23 1.26475e+23 7.06444e+12
28.7 1.28559e+23 1.28559e+23 7.12694e+12
28.8 1.2918e+23 1.2918e+23 7.15102e+12
28.9 1.31301e+23 1.31301e+23 7.1936e+12
29 1.33278e+23 1.33278e+23 7.24891e+12
29.1 1.31756e+23 1.31756e+23 7.23556e+12
29.2 1.31324e+23 1.31324e+23 7.2448e+12
29.3 1.30921e+23 1.30921e+23 7.26737e+12
29.4 1.29513e+23 1.29513e+23 7.25802e+12
29.5 1.31685e+23 1.31685e+23 7.31092e+12
29.6 1.33931e+23 1.33931e+23 7.37045e+12
29.7 1.3468e+23 1.3468e+23 7.38978e+12
29.8 1.36755e+23 1.36755e+23 7.43786e+12
29.9 1.36079e+23 1.36079e+23 7.4489e+12
30 1.34002e+23 1.34002e+23 7.43038e+12
30.1 1.34458e+23 1.34458e+23 7.45952e+12
30.2 1.34277e+23 1.34277e+23 7.47803e+12
30.3 1.35144e+23 1.35144e+23 7.50675e+12
30.4 1.38012e+23 1.38012e+23 7.57003e+12
30.5 1.38679e+23 1.38679e+23 7.59665e+12
30.6 1.39065e+23 1.39065e+23 7.6188e+12
30.7 1.39632e+23 1.39632e+23 7.64473e+12
30.8 1.38376e+23 1.38376e+23 7.64248e+12
30.9 1.38144e+23 1.38144e+23 7.66084e+12
31 1.38693e+23 1.38693e+23 7.68524e+12
31.1 1.38867e+23 1.38867e+23 7.70524e+12
31.2 1.40237e+23 1.40237e+23 7.75149e+12
31.3 1.41613e+23 1.41613e+23 7.78577e+12
31.4 1.42788e+23 1.42788e+23 7.81836e+12
31.5 1.43638e+23 1.43638e+23 7.85358e+12
31.6 1.42893e+23 1.42893e+23 7.85233e+12
31.7 1.42242e+23 1.42242e+23 7.86177e+12
31.8 1.41581e+23 1.41581e+23 7.87811e+12
31.9 1.41347e+23 1.41347e+23 7.88699e+12
32 1.43681e+23 1.43681e+23 7.94533e+12
32.1 1.4564e+23 1.4564e+23 7.99682e+12
32.2 1.46802e+23 1.46802e+23 8.02016e+12
32.3 1.48121e+23 1.48121e+23 8.06017e+12
32.4 1.46232e+23 1.46232e+23 8.05186e+12
32.5 1.44384e+23 1.44384e+23 8.03637e+12
32.6 1.45173e+23 1.45173e+23 8.07507e+12
32.7 1.45146e+23 1.45146e+23 8.09379e+12
32.8 1.4726e+23 1.4726e+23 8.13853e+12
32.9 1.50553e+23 1.50553e+23 8.21141e+12
33 1.50154e+23 1.50154e+23 8.21807e+12
33.1 1.50341e+23 1.50341e+23 8.23437e+12
33.2 1.50368e+23 1.50368e+23 8.25842e+12
33.3 1.47954e+23 1.47954e+23 8.23759e+12
33.4 1.48915e+23 1.48915e+23 8.27145e+12
33.5 1.50606e+23 1.50606e+23 8.31781e+12
33.6 1.50432e+23 1.50432e+23 8.33037e+12
33.7 1.52974e+23 1.52974e+23 8.39053e+12
33.8 1.54256e+23 1.54256e+23 8.4246e+12
33.9 1.53211e+23 1.53211e+23 8.4224e+12
34 1.54167e+23 1.54167e+23 8.46011e+12
34.1 1.53444e+23 1.53444e+23 8.462e+12
34.2 1.52085e+23 1.52085e+23 8.46053e+12
34.3 1.5364e+23 1.5364e+23 8.51037e+12
34.4 1.54394e+23 1.54394e+23 8.53218e+12
34.5 1.55475e+23 1.55475e+23 8.57066e+12
34.6 1.57956e+23 1.57956e+23 8.63089e+12
34.7 1.58203e+23 1.58203e+23 8.63744e+12
34.8 1.57673e+23 1.57673e+23 8.65366e+12
34.9 1.57179e+23 1.57179e+23 8.67032e+12
35 1.56084e+23 1.56084e+23 8.65938e+12
35.1 1.56489e+23 1.56489e+23 8.69522e+12
35.2 1.57765e+23 1.57765e+23 8.7372e+12
35.3 1.59483e+23 1.59483e+23 8.76818e+12
35.4 1.61421e+23 1.61421e+23 8.82579e+12
35.5 1.61754e+23 1.61754e+23 8.84559e+12
35.6 1.61645e+23 1.61645e+23 8.84852e+12
35.7 1.60725e+23 1.60725e+23 8.86699e+12
35.8 1.59208e+23 1.59208e+23 8.86074e+12
35.9 1.60235e+23 1.60235e+23 8.88551e+12
36 1.61389e+23 1.61389e+23 8.93636e+12
36.1 1.62532e+23 1.62532e+23 8.96812e+12
36.2 1.64181e+23 1.64181e+23 9.02274e+12
36.3 1.65852e+23 1.65852e+23 9.05186e+12
36.4 1.64492e+23 1.64492e+23 9.04434e+12
36.5 1.63356e+23 1.63356e+23 9.06207e+12
36.6 1.62904e+23 1.62904e+23 9.06161e+12
36.7 1.62768e+23 1.62768e+23 9.07701e+12
36.8 1.64618e+23 1.64618e+23 9.14033e+12
36.9 1.66564e+23 1.66564e+23 9.17178e+12
37 1.68007e+23 1.68007e+23 9.21042e+12
37.1 1.68696e+23 1.68696e+23 9.25144e+12
37.2 1.67755e+23 1.67755e+23 9.23617e+12
37.3 1.67226e+23 1.67226e+23 9.2523e+12
37.4 1.6684e+23 1.6684e+23 9.2786e+12
37.5 1.66927e+23 1.66927e+23 9.27846e+12
37.6 1.68842e+23 1.68842e+23 9.33496e+12
37.7 1.69669e+23 1.69669e+23 9.3767e+12
37.8 1.70575e+23 1.70575e+23 9.38824e+12
37.9 1.72523e+23 1.72523e+23 9.44491e+12
38 1.71736e+23 1.71736e+23 9.45629e+12
38.1 1.71329e+23 1.71329e+23 9.4503e+12
38.2 1.71927e+23 1.71927e+23 9.48975e+12
38.3 1.70116e+23 1.70116e+23 9.48411e+12
38.4 1.70872e+23 1.70872e+23 9.50246e+12
38.5 1.73373e+23 1.73373e+23 9.57274e+12
38.6 1.73716e+23 1.73716e+23 9.59434e+12
38.7 1.76266e+23 1.76266e+23 9.63815e+12
38.8 1.77471e+23 1.77471e+23 9.68197e+12
38.9 1.74701e+23 1.74701e+23 9.65428e+12
39 1.74416e+23 1.74416e+23 9.66456e+12
39.1 1.74071e+23 1.74071e+23 9.68793e+12
39.2 1.73439e+23 1.73439e+23 9.69469e+12
39.3 1.77136e+23 1.77136e+23 9.76827e+12
39.4 1.79355e+23 1.79355e+23 9.82268e+12
39.5 1.78601e+23 1.78601e+23 9.82106e+12
39.6 1.80686e+23 1.80686e+23 9.87211e+12
39.7 1.78775e+23 1.78775e+23 9.84825e+12
39.8 1.76756e+23 1.76756e+23 9.81618e+12
39.9 1.75085e+23 1.75085e+23 9.85098e+12
40 1.79125e+23 1.79125e+23 9.8003e+12
40.1 1.78416e+23 1.78416e+23 9.83685e+12
40.2 1.83305e+23 1.83305e+23 9.89119e+12
40.3 1.79384e+23 1.79384e+23 9.87687e+12
40.4 1.82895e+23 1.82895e+23 9.87307e+12
40.5 1.79427e+23 1.79427e+23 9.86547e+12
40.6 1.78224e+23 1.78224e+23 9.84142e+12
40.7 1.76849e+23 1.76849e+23 9.83484e+12
40.8 1.79932e+23 1.79932e+23 9.83456e+12
40.9 1.80743e+23 1.80743e+23 9.86405e+12
41 1.7945e+23 1.7945e+23 9.92581e+12
41.1 1.82921e+23 1.82921e+23 9.92329e+12
41.2 1.83299e+23 1.83299e+23 9.93246e+12
41.3 1.83193e+23 1.83193e+23 9.93789e+12
41.4 1.83711e+23 1.83711e+23 9.88118e+12
41.5 1.80908e+23 1.80908e+23 9.91236e+12
41.6 1.80703e+23 1.80703e+23 9.89789e+12
41.7 1.82593e+23 1.82593e+23 9.89302e+12
41.8 1.88983e+23 1.88983e+23 9.93864e+12
41.9 1.82468e+23 1.82468e+23 9.9299e+12
42 1.7985e+23 1.7985e+23 9.8801e+12
42.1 1.8619e+23 1.8619e+23 9.92376e+12
42.2 1.90951e+23 1.90951e+23 9.94024e+12
42.3 1.81949e+23 1.81949e+23 9.90039e+12
42.4 1.85152e+23 1.85152e+23 9.92363e+12
42.5 1.9094e+23 1.9094e+23 9.93312e+12
42.6 1.87405e+23 1.87405e+23 9.91029e+12
42.7 1.86821e+23 1.86821e+23 9.956e+12
42.8 1.89706e+23 1.89706e+23 9.9189e+12
42.9 1.86815e+23 1.86815e+23 9.92661e+12
43 1.82287e+23 1.82287e+23 9.96845e+12
43.1 1.91645e+23 1.91645e+23 9.91248e+12
43.2 1.91257e+23 1.91257e+23 9.95588e+12
43.3 1.90632e+23 1.90632e+23 9.95052e+12
43.4 1.9279e+23 1.9279e+23 9.94452e+12
43.5 1.87542e+23 1.87542e+23 9.95883e+12
43.6 1.9098e+23 1.9098e+23 9.95106e+12
43.7 1.87463e+23 1.87463e+23 9.94056e+12
43.8 1.94584e+23 1.94584e+23 9.94711e+12
43.9 1.92728e+23 1.92728e+23 9.9452e+12
44 1.96351e+23 1.96351e+23 9.92822e+12
44.1 1.92824e+23 1.92824e+23 9.93374e+12
44.2 1.99211e+23 1.99211e+23 9.90716e+12
44.3 1.90453e+23 1.90453e+23 9.93947e+12
44.4 2.0294e+23 2.0294e+23 9.96556e+12
44.5 1.91012e+23 1.91012e+23 9.93122e+12
44.6 1.95231e+23 1.95231e+23 9.9289e+12
44.7 1.94592e+23 1.94592e+23 9.94297e+12
44.8 1.94647e+23 1.94647e+23 9.97043e+12
44.9 2.00954e+23 2.00954e+23 9.97551e+12
45 1.97413e+23 1.97413e+23 9.94827e+12
45.1 1.95826e+23 1.95826e+23 9.94796e+12
45.2 2.00636e+23 2.00636e+23 9.96451e+12
45.3 1.97606e+23 1.97606e+23 9.92488e+12
45.4 1.99945e+23 1.99945e+23 9.98614e+12
45.5 2.00588e+23 2.00588e+23 9.9787e+12
45.6 2.04646e+23 2.04646e+23 9.93323e+12
45.7 2.02498e+23 2.02498e+23 9.97691e+12
45.8 2.07082e+23 2.07082e+23 9.9792e+12
45.9 2.01955e+23 2.01955e+23 9.9578e+12
46 1.99526e+23 1.99526e+23 9.95627e+12
46.1 2.09152e+23 2.09152e+23 9.97755e+12
46.2 2.07213e+23 2.07213e+23 9.93449e+12
46.3 2.0536e+23 2.0536e+23 9.98095e+12
46.4 2.01837e+23 2.01837e+23 9.99064e+12
46.5 1.99474e+23 1.99474e+23 9.95365e+12
46.6 2.10621e+23 2.10621e+23 9.98707e+12
46.7 2.02658e+23 2.02658e+23 9.97302e+12
46.8 2.1042e+23 2.1042e+23 9.987e+12
46.9 2.10969e+23 2.10969e+23 9.97581e+12
47 2.14736e+23 2.14736e+23 9.9268e+12
47.1 2.14453e+23 2.14453e+23 9.96039e+12
47.2 2.13339e+23 2.13339e+23 9.96694e+12
47.3 2.1153e+23 2.1153e+23 9.94646e+12
47.4 2.1052e+23 2.1052e+23 9.96672e+12
47.5 2.11317e+23 2.11317e+23 9.98373e+12
47.6 2.05241e+23 2.05241e+23 9.92971e+12
47.7 2.14568e+23 2.14568e+23 9.97792e+12
47.8 2.08992e+23 2.08992e+23 9.94183e+12
47.9 2.15086e+23 2.15086e+23 9.9643e+12
48 2.21505e+23 2.21505e+23 9.98771e+12
48.1 2.13634e+23 2.13634e+23 9.95881e+12
48.2 2.13652e+23 2.13652e+23 9.95864e+12
48.3 2.1659e+23 2.1659e+23 9.95307e+12
48.4 2.2022e+23 2.2022e+23 9.92499e+12
48.5 2.26025e+23 2.26025e+23 9.97903e+12
48.6 2.19812e+23 2.19812e+23 9.97951e+12
48.7 2.17873e+23 2.17873e+23 1.00038e+13
48.8 2.23321e+23 2.23321e+23 9.96024e+12
48.9 2.27394e+23 2.27394e+23 9.98731e+12
49 2.20082e+23 2.20082e+23 9.93935e+12
49.1 2.17387e+23 2.17387e+23 9.95903e+12
49.2 2.26489e+23 2.26489e+23 9.96608e+12
49.3 2.18692e+23 2.18692e+23 9.92212e+12
49.4 2.27711e+23 2.27711e+23 9.96552e+12
49.5 2.21566e+23 2.21566e+23 9.9732e+12
49.6 2.28093e+23 2.28093e+23 9.97271e+12
49.7 2.25317e+23 2.25317e+23 9.96313e+12
49.8 2.26542e+23 2.26542e+23 9.94684e+12
49.9 2.23246e+23 2.23246e+23 9.97727e+12
50 2.3228e+23 2.3228e+23 9.96693e+12
50.1 2.25841e+23 2.25841e+23 9.92405e+12
50.2 2.31469e+23 2.31469e+23 9.98032e+12
50.3 2.28319e+23 2.28319e+23 9.95196e+12
50.4 2.27939e+23 2.27939e+23 9.95198e+12
50.5 2.30931e+23 2.30931e+23 1.00116e+13
50.6 2.26575e+23 2.26575e+23 9.95217e+12
50.7 2.28886e+23 2.28886e+23 9.9929e+12
50.8 2.31585e+23 2.31585e+23 9.98422e+12
50.9 2.24741e+23 2.24741e+23 9.93986e+12
51 2.34003e+23 2.34003e+23 9.94796e+12
51.1 2.30626e+23 2.30626e+23 9.96331e+12
51.2 2.36258e+23 2.36258e+23 9.94566e+12
51.3 2.37086e+23 2.37086e+23 9.99333e+12
51.4 2.3343e+23 2.3343e+23 9.97658e+12
51.5 2.30397e+23 2.30397e+23 9.90369e+12
51.6 2.32749e+23 2.32749e+23 9.94834e+12
51.7 2.33699e+23 2.33699e+23 9.95486e+12
51.8 2.29681e+23 2.29681e+23 9.9661e+12
51.9 2.35285e+23 2.35285e+23 9.96071e+12
52 2.3516e+23 2.3516e+23 9.97109e+12
52.1 2.4279e+23 2.4279e+23 9.9245e+12
52.2 2.49407e+23 2.49407e+23 9.98713e+12
52.3 2.35633e+23 2.35633e+23 9.90741e+12
52.4 2.34081e+23 2.34081e+23 9.95576e+12
52.5 2.41562e+23 2.41562e+23 9.95944e+12
52.6 2.39467e+23 2.39467e+23 9.92331e+12
52.7 2.42681e+23 2.42681e+23 9.921e+12
52.8 2.45404e+23 2.45404e+23 9.99173e+12
52.9 2.41234e+23 2.41234e+23 9.94409e+12
53 2.46162e+23 2.46162e+23 9.95145e+12
53.1 2.42784e+23 2.42784e+23 9.95666e+12
53.2 2.39291e+23 2.39291e+23 9.91356e+12
53.3 2.4648e+23 2.4648e+23 9.9581e+12
53.4 2.44222e+23 2.44222e+23 9.98951e+12
53.5 2.32592e+23 2.32592e+23 9.95142e+12
53.6 2.48865e+23 2.48865e+23 9.9713e+12
53.7 2.53411e+23 2.53411e+23 9.90249e+12
53.8 2.48909e+23 2.48909e+23 9.95508e+12
53.9 2.52377e+23 2.52377e+23 9.95484e+12
54 2.5128e+23 2.5128e+23 9.91481e+12
54.1 2.47316e+23 2.47316e+23 9.92731e+12
54.2 2.4907e+23 2.4907e+23 9.96498e+12
54.3 2.53485e+23 2.53485e+23 9.92529e+12
54.4 2.50059e+23 2.50059e+23 9.9824e+12
54.5 2.41522e+23 2.41522e+23 9.97381e+12
54.6 2.50165e+23 2.50165e+23 9.93567e+12
54.7 2.55907e+23 2.55907e+23 9.94927e+12
54.8 2.5887e+23 2.5887e+23 9.91968e+12
54.9 2.46843e+23 2.46843e+23 9.94058e+12
55 2.56462e+23 2.56462e+23 9.9623e+12
55.1 2.50507e+23 2.50507e+23 9.96053e+12
55.2 2.56647e+23 2.56647e+23 9.96513e+12
55.3 2.52568e+23 2.52568e+23 1.00183e+13
55.4 2.58627e+23 2.58627e+23 9.92471e+12
55.5 2.63195e+23 2.63195e+23 9.95992e+12
55.6 2.67657e+23 2.67657e+23 9.91287e+12
55.7 2.64155e+23 2.64155e+23 9.97092e+12
55.8 2.62405e+23 2.62405e+23 1.00223e+13
55.9 2.63228e+23 2.63228e+23 9.95477e+12
56 2.58524e+23 2.58524e+23 9.93719e+12
56.1 2.67201e+23 2.67201e+23 9.96738e+12
56.2 2.65449e+23 2.65449e+23 9.9219e+12
56.3 2.60491e+23 2.60491e+23 9.93301e+12
56.4 2.62737e+23 2.62737e+23 9.9498e+12
56.5 2.71131e+23 2.71131e+23 9.91774e+12
56.6 2.66748e+23 2.66748e+23 9.96657e+12
56.7 2.64083e+23 2.64083e+23 9.96667e+12
56.8 2.64323e+23 2.64323e+23 9.94541e+12
56.9 2.65223e+23 2.65223e+23 9.95672e+12
57 2.69261e+23 2.69261e+23 9.94528e+12
57.1 2.65056e+23 2.65056e+23 9.92384e+12
57.2 2.76713e+23 2.76713e+23 9.95572e+12
57.3 2.74237e+23 2.74237e+23 9.91313e+12
57.4 2.70457e+23 2.70457e+23 9.88661e+12
57.5 2.73489e+23 2.73489e+23 9.97029e+12
57.6 2.77864e+23 2.77864e+23 9.93823e+12
57.7 2.74615e+23 2.74615e+23 9.9216e+12
57.8 2.73973e+23 2.73973e+23 9.93762e+12
57.9 2.73213e+23 2.73213e+23 9.92361e+12
58 2.72266e+23 2.72266e+23 9.92832e+12
58.1 2.76146e+23 2.76146e+23 9.90707e+12
58.2 2.79325e+23 2.79325e+23 9.96677e+12
58.3 2.78336e+23 2.78336e+23 9.93368e+12
58.4 2.79479e+23 2.79479e+23 9.92789e+12
58.5 2.719e+23 2.719e+23 9.913e+12
58.6 2.71546e+23 2.71546e+23 9.94827e+12
58.7 2.78898e+23 2.78898e+23 9.93412e+12
58.8 2.79661e+23 2.79661e+23 9.93736e+12
58.9 2.79583e+23 2.79583e+23 9.94742e+12
59 2.78445e+23 2.78445e+23 9.92483e+12
59.1 2.80168e+23 2.80168e+23 9.90758e+12
59.2 2.83559e+23 2.83559e+23 9.96407e+12
59.3 2.85772e+23 2.85772e+23 9.87479e+12
59.4 2.77534e+23 2.77534e+23 9.91411e+12
59.5 2.78547e+23 2.78547e+23 9.91994e+12
59.6 2.83829e+23 2.83829e+23 9.88855e+12
59.7 2.85111e+23 2.85111e+23 9.96654e+12
59.8 2.90167e+23 2.90167e+23 9.91913e+12
59.9 2.92356e+23 2.92356e+23 9.90418e+12
60 2.82346e+23 2.82346e+23 9.98365e+12
60.1 2.85427e+23 2.85427e+23 9.94203e+12
60.2 2.89797e+23 2.89797e+23 9.87544e+12
60.3 2.85746e+23 2.85746e+23 9.97261e+12
60.4 2.87318e+23 2.87318e+23 9.96027e+12
60.5 2.89527e+23 2.89527e+23 9.91973e+12
60.6 2.85173e+23 2.85173e+23 9.9563e+12
60.7 2.8588e+23 2.8588e+23 9.89076e+12
60.8 2.8624e+23 2.8624e+23 9.93021e+12
60.9 2.925e+23 2.925e+23 9.9521e+12
61 2.92345e+23 2.92345e+23 9.9351e+12
61.1 2.89537e+23 2.89537e+23 9.98405e+12
61.2 2.95872e+23 2.95872e+23 9.92614e+12
61.3 2.91311e+23 2.91311e+23 9.94617e+12
61.4 2.93014e+23 2.93014e+23 9.95722e+12
61.5 3.06549e+23 3.06549e+23 9.95532e+12
61.6 2.95434e+23 2.95434e+23 9.94907e+12
61.7 2.90169e+23 2.90169e+23 9.97057e+12
61.8 2.984e+23 2.984e+23 9.93148e+12
61.9 2.98533e+23 2.98533e+23 9.9239e+12
62 3.05392e+23 3.05392e+23 9.95582e+12
62.1 3.02025e+23 3.02025e+23 9.9494e+12
62.2 2.95376e+23 2.95376e+23 9.93972e+12
62.3 3.02322e+23 3.02322e+23 9.93757e+12
62.4 3.10371e+23 3.10371e+23 9.89969e+12
62.5 3.03855e+23 3.03855e+23 9.97794e+12
62.6 3.02702e+23 3.02702e+23 9.93102e+12
62.7 3.02349e+23 3.02349e+23 9.92018e+12
62.8 2.9432e+23 2.9432e+23 9.94045e+12
62.9 3.05195e+23 3.05195e+23 9.91945e+12
63 3.07675e+23 3.07675e+23 9.92385e+12
63.1 2.99747e+23 2.99747e+23 9.95985e+12
63.2 3.05185e+23 3.05185e+23 9.89862e+12
63.3 3.02504e+23 3.02504e+23 9.9609e+12
63.4 3.0916e+23 3.0916e+23 9.95931e+12
63.5 3.09012e+23 3.09012e+23 9.92911e+12
63.6 3.12736e+23 3.12736e+23 9.88947e+12
63.7 3.0559e+23 3.0559e+23 9.93033e+12
63.8 3.14843e+23 3.14843e+23 9.90344e+12
63.9 3.0752e+23 3.0752e+23 9.92201e+12
64 3.03782e+23 3.03782e+23 9.9104e+12
64.1 3.12459e+23 3.12459e+23 9.89409e+12
64.2 3.13726e+23 3.13726e+23 9.91604e+12
64.3 3.19603e+23 3.19603e+23 9.91737e+12
64.4 3.08976e+23 3.08976e+23 9.90917e+12
64.5 3.09612e+23 3.09612e+23 9.95999e+12
64.6 3.15205e+23 3.15205e+23 9.929e+12
64.7 3.09695e+23 3.09695e+23 9.93288e+12
64.8 3.20342e+23 3.20342e+23 9.89804e+12
64.9 3.1106e+23 3.1106e+23 9.95933e+12
65 3.16468e+23 3.16468e+23 9.94092e+12
65.1 3.14487e+23 3.14487e+23 9.89697e+12
65.2 3.20082e+23 3.20082e+23 9.89799e+12
65.3 3.18855e+23 3.18855e+23 9.9501e+12
65.4 3.09211e+23 3.09211e+23 9.94775e+12
65.5 3.16942e+23 3.16942e+23 9.89585e+12
65.6 3.12373e+23 3.12373e+23 9.92315e+12
65.7 3.22005e+23 3.22005e+23 9.93148e+12
65.8 3.1522e+23 3.1522e+23 9.87203e+12
65.9 3.2778e+23 3.2778e+23 9.91144e+12
66 3.25877e+23 3.25877e+23 9.88301e+12
66.1 3.26128e+23 3.26128e+23 9.96833e+12
66.2 3.28157e+23 3.28157e+23 9.90805e+12
66.3 3.20639e+23 3.20639e+23 9.90042e+12
66.4 3.21999e+23 3.21999e+23 9.92417e+12
66.5 3.28698e+23 3.28698e+23 9.94038e+12
66.6 3.28993e+23 3.28993e+23 9.95096e+12
66.7 3.25512e+23 3.25512e+23 9.93933e+12
66.8 3.31726e+23 3.31726e+23 9.92032e+12
66.9 3.2457e+23 3.2457e+23 9.91032e+12
67 3.27821e+23 3.27821e+23 9.97938e+12
67.1 3.33906e+23 3.33906e+23 9.94544e+12
67.2 3.31704e+23 3.31704e+23 9.94899e+12
67.3 3.27343e+23 3.27343e+23 9.93732e+12
67.4 3.29322e+23 3.29322e+23 9.91208e+12
67.5 3.26331e+23 3.26331e+23 9.90184e+12
67.6 3.251e+23 3.251e+23 9.94209e+12
67.7 3.34118e+23 3.34118e+23 9.91223e+12
67.8 3.36245e+23 3.36245e+23 9.93773e+12
67.9 3.38001e+23 3.38001e+23 9.92947e+12
68 3.35309e+23 3.35309e+23 9.91101e+12
68.1 3.32813e+23 3.32813e+23 9.93636e+12
68.2 3.39007e+23 3.39007e+23 9.90815e+12
68.3 3.35502e+23 3.35502e+23 9.9281e+12
68.4 3.38449e+23 3.38449e+23 9.93168e+12
68.5 3.37145e+23 3.37145e+23 9.89223e+12
68.6 3.43956e+23 3.43956e+23 9.95413e+12
68.7 3.40069e+23 3.40069e+23 9.92768e+12
68.8 3.46752e+23 3.46752e+23 9.95472e+12
68.9 3.45331e+23 3.45331e+23 9.96301e+12
69 3.35671e+23 3.35671e+23 9.97761e+12
69.1 3.47485e+23 3.47485e+23 9.88612e+12
69.2 3.3705e+23 3.3705e+23 9.93502e+12
69.3 3.45035e+23 3.45035e+23 9.94105e+12
69.4 3.35045e+23 3.35045e+23 9.91493e+12
69.5 3.27802e+23 3.27802e+23 9.93363e+12
69.6 3.28644e+23 3.28644e+23 9.91764e+12
69.7 3.33374e+23 3.33374e+23 9.90005e+12
69.8 3.30317e+23 3.30317e+23 9.89121e+12
69.9 3.33302e+23 3.33302e+23 9.90742e+12
70 3.26151e+23 3.26151e+23 9.91497e+12
70.1 3.22507e+23 3.22507e+23 9.86149e+12
70.2 3.23937e+23 3.23937e+23 9.91776e+12
70.3 3.18074e+23 3.18074e+23 9.91025e+12
70.4 3.20407e+23 3.20407e+23 9.8155e+12
70.5 3.16037e+23 3.16037e+23 9.90353e+12
70.6 3.22438e+23 3.22438e+23 9.84508e+12
70.7 3.17174e+23 3.17174e+23 9.84689e+12
70.8 3.16743e+23 3.16743e+23 9.8999e+12
70.9 3.14865e+23 3.14865e+23 9.87571e+12
71 3.13886e+23 3.13886e+23 9.84768e+12
71.1 3.10849e+23 3.10849e+23 9.83941e+12
71.2 3.0715e+23 3.0715e+23 9.8488e+12
71.3 3.06109e+23 3.06109e+23 9.80851e+12
71.4 2.98529e+23 2.98529e+23 9.83092e+12
71.5 3.06111e+23 3.06111e+23 9.80283e+12
71.6 3.04541e+23 3.04541e+23 9.77622e+12
71.7 2.99956e+23 2.99956e+23 9.76446e+12
71.8 2.98855e+23 2.98855e+23 9.77365e+12
71.9 2.99991e+23 2.99991e+23 9.82516e+12
72 2.97266e+23 2.97266e+23 9.75794e+12
72.1 2.96305e+23 2.96305e+23 9.78177e+12
72.2 2.9182e+23 2.9182e+23 9.74179e+12
72.3 2.90864e+23 2.90864e+23 9.78327e+12
72.4 2.96477e+23 2.96477e+23 9.75517e+12
72.5 2.96176e+23 2.96176e+23 9.70743e+12
72.6 2.96622e+23 2.96622e+23 9.73683e+12
72.7 2.86596e+23 2.86596e+23 9.7554e+12
72.8 2.92536e+23 2.92536e+23 9.71971e+12
72.9 2.91894e+23 2.91894e+23 9.75209e+12
73 2.88738e+23 2.88738e+23 9.73807e+12
73.1 2.86748e+23 2.86748e+23 9.73376e+12
73.2 2.93463e+23 2.93463e+23 9.68451e+12
73.3 2.87969e+23 2.87969e+23 9.7493e+12
73.4 2.91959e+23 2.91959e+23 9.69925e+12
73.5 2.87164e+23 2.87164e+23 9.65748e+12
73.6 2.77319e+23 2.77319e+23 9.69378e+12
73.7 2.86713e+23 2.86713e+23 9.67885e+12
73.8 2.88424e+23 2.88424e+23 9.71618e+12
73.9 2.74522e+23 2.74522e+23 9.70519e+12
74 2.8705e+23 2.8705e+23 9.67285e+12
74.1 2.81693e+23 2.81693e+23 9.6718e+12
74.2 2.79563e+23 2.79563e+23 9.65904e+12
74.3 2.76942e+23 2.76942e+23 9.66132e+12
74.4 2.79942e+23 2.79942e+23 9.67592e+12
74.5 2.76252e+23 2.76252e+23 9.64033e+12
74.6 2.81189e+23 2.81189e+23 9.66389e+12
74.7 2.71165e+23 2.71165e+23 9.60647e+12
74.8 2.79594e+23 2.79594e+23 9.67108e+12
74.9 2.67953e+23 2.67953e+23 9.61353e+12
75 2.63693e+23 2.63693e+23 9.61444e+12
75.1 2.83953e+23 2.83953e+23 9.63599e+12
75.2 2.61501e+23 2.61501e+23 9.58349e+12
75.3 2.72394e+23 2.72394e+23 9.65348e+12
75.4 2.69029e+23 2.69029e+23 9.63204e+12
75.5 2.75386e+23 2.75386e+23 9.61995e+12
75.6 2.7123e+23 2.7123e+23 9.59517e+12
75.7 2.67673e+23 2.67673e+23 9.62602e+12
75.8 2.67859e+23 2.67859e+23 9.60081e+12
75.9 2.74223e+23 2.74223e+23 9.61348e+12
76 2.71568e+23 2.71568e+23 9.62093e+12
76.1 2.68997e+23 2.68997e+23 9.59596e+12
76.2 2.73546e+23 2.73546e+23 9.61556e+12
76.3 2.72411e+23 2.72411e+23 9.57476e+12
76.4 2.67556e+23 2.67556e+23 9.56334e+12
76.5 2.65504e+23 2.65504e+23 9.54371e+12
76.6 2.63943e+23 2.63943e+23 9.60843e+12
76.7 2.65611e+23 2.65611e+23 9.54805e+12
76.8 2.63708e+23 2.63708e+23 9.57792e+12
76.9 2.62972e+23 2.62972e+23 9.57577e+12
77 2.55809e+23 2.55809e+23 9.59983e+12
77.1 2.53864e+23 2.53864e+23 9.5533e+12
77.2 2.53849e+23 2.53849e+23 9.56096e+12
77.3 2.66008e+23 2.66008e+23 9.49029e+12
77.4 2.53855e+23 2.53855e+23 9.56916e+12
77.5 2.57127e+23 2.57127e+23 9.51678e+12
77.6 2.5804e+23 2.5804e+23 9.56465e+12
77.7 2.67007e+23 2.67007e+23 9.58487e+12
77.8 2.7315e+23 2.7315e+23 9.59548e+12
77.9 2.62211e+23 2.62211e+23 9.57579e+12
78 2.62037e+23 2.62037e+23 9.5396e+12
78.1 2.61763e+23 2.61763e+23 9.56888e+12
78.2 2.56608e+23 2.56608e+23 9.5389e+12
78.3 2.69371e+23 2.69371e+23 9.53439e+12
78.4 2.54386e+23 2.54386e+23 9.52014e+12
78.5 2.56633e+23 2.56633e+23 9.51026e+12
78.6 2.59387e+23 2.59387e+23 9.49948e+12
78.7 2.52344e+23 2.52344e+23 9.52478e+12
78.8 2.45893e+23 2.45893e+23 9.49653e+12
78.9 2.58324e+23 2.58324e+23 9.52301e+12
79 2.59108e+23 2.59108e+23 9.51928e+12
79.1 2.57873e+23 2.57873e+23 9.50296e+12
79.2 2.59261e+23 2.59261e+23 9.52314e+12
79.3 2.59206e+23 2.59206e+23 9.52833e+12
79.4 2.56472e+23 2.56472e+23 9.5036e+12
79.5 2.58452e+23 2.58452e+23 9.47683e+12
79.6 2.55412e+23 2.55412e+23 9.51096e+12
79.7 2.50662e+23 2.50662e+23 9.53439e+12
79.8 2.54637e+23 2.54637e+23 9.52495e+12
79.9 2.65594e+23 2.65594e+23 9.51129e+12
80 2.54683e+23 2.54683e+23 9.51589e+12
80.1 2.51837e+23 2.51837e+23 9.52315e+12
80.2 2.53662e+23 2.53662e+23 9.46013e+12
80.3 2.58029e+23 2.58029e+23 9.47842e+12
80.4 2.45378e+23 2.45378e+23 9.45292e+12
80.5 2.46482e+23 2.46482e+23 9.54645e+12
80.6 2.50755e+23 2.50755e+23 9.47968e+12
80.7 2.50606e+23 2.50606e+23 9.50353e+12
80.8 2.48482e+23 2.48482e+23 9.47394e+12
80.9 2.49643e+23 2.49643e+23 9.45324e+12
81 2.57128e+23 2.57128e+23 9.48575e+12
81.1 2.4422e+23 2.4422e+23 9.47921e+12
81.2 2.58126e+23 2.58126e+23 9.52852e+12
81.3 2.56646e+23 2.56646e+23 9.47494e+12
81.4 2.46408e+23 2.46408e+23 9.45092e+12
81.5 2.52677e+23 2.52677e+23 9.45159e+12
81.6 2.53018e+23 2.53018e+23 9.45681e+12
81.7 2.47098e+23 2.47098e+23 9.43163e+12
81.8 2.49418e+23 2.49418e+23 9.47207e+12
81.9 2.47154e+23 2.47154e+23 9.45477e+12
82 2.48446e+23 2.48446e+23 9.49463e+12
82.1 2.63182e+23 2.63182e+23 9.4957e+12
82.2 2.48689e+23 2.48689e+23 9.498e+12
82.3 2.50629e+23 2.50629e+23 9.41872e+12
82.4 2.52871e+23 2.52871e+23 9.41166e+12
82.5 2.39374e+23 2.39374e+23 9.47565e+12
82.6 2.47874e+23 2.47874e+23 9.37755e+12
82.7 2.54611e+23 2.54611e+23 9.413e+12
82.8 2.6325e+23 2.6325e+23 9.40921e+12
82.9 2.62131e+23 2.62131e+23 9.43624e+12
83 2.65275e+23 2.65275e+23 9.40335e+12
83.1 2.54131e+23 2.54131e+23 9.43606e+12
83.2 2.67691e+23 2.67691e+23 9.3896e+12
83.3 2.63921e+23 2.63921e+23 9.43121e+12
83.4 2.55443e+23 2.55443e+23 9.43453e+12
83.5 2.5678e+23 2.5678e+23 9.42208e+12
83.6 2.59407e+23 2.59407e+23 9.39147e+12
83.7 2.5506e+23 2.5506e+23 9.49598e+12
83.8 2.65649e+23 2.65649e+23 9.39781e+12
83.9 2.71021e+23 2.71021e+23 9.48135e+12
84 2.69253e+23 2.69253e+23 9.42991e+12
84.1 2.78991e+23 2.78991e+23 9.41479e+12
84.2 2.71339e+23 2.71339e+23 9.41746e+12
84.3 2.6215e+23 2.6215e+23 9.45819e+12
84.4 2.69348e+23 2.69348e+23 9.33063e+12
84.5 2.71287e+23 2.71287e+23 9.41595e+12
84.6 2.68615e+23 2.68615e+23 9.38709e+12
84.7 2.78051e+23 2.78051e+23 9.41387e+12
84.8 2.70781e+23 2.70781e+23 9.41232e+12
84.9 2.59936e+23 2.59936e+23 9.42377e+12
85 2.59532e+23 2.59532e+23 9.42949e+12
85.1 2.65891e+23 2.65891e+23 9.38264e+12
85.2 2.64632e+23 2.64632e+23 9.36488e+12
85.3 2.70757e+23 2.70757e+23 9.37845e+12
85.4 2.70444e+23 2.70444e+23 9.37597e+12
85.5 2.6389e+23 2.6389e+23 9.45555e+12
85.6 2.66609e+23 2.66609e+23 9.4164e+12
85.7 2.77391e+23 2.77391e+23 9.47125e+12
85.8 2.54889e+23 2.54889e+23 9.36954e+12
85.9 2.67869e+23 2.67869e+23 9.40049e+12
86 2.70937e+23 2.70937e+23 9.37491e+12
86.1 2.64617e+23 2.64617e+23 9.45124e+12
86.2 2.73101e+23 2.73101e+23 9.37607e+12
86.3 2.75635e+23 2.75635e+23 9.41986e+12
86.4 2.83504e+23 2.83504e+23 9.34868e+12
86.5 2.84055e+23 2.84055e+23 9.40989e+12
86.6 2.71643e+23 2.71643e+23 9.3908e+12
86.7 2.81686e+23 2.81686e+23 9.45473e+12
86.8 2.75424e+23 2.75424e+23 9.37674e+12
86.9 2.76315e+23 2.76315e+23 9.33831e+12
87 2.78535e+23 2.78535e+23 9.39853e+12
87.1 2.7812e+23 2.7812e+23 9.40065e+12
87.2 2.80614e+23 2.80614e+23 9.34083e+12
87.3 2.83669e+23 2.83669e+23 9.3279e+12
87.4 2.71557e+23 2.71557e+23 9.39955e+12
87.5 2.73507e+23 2.73507e+23 9.41309e+12
87.6 2.74426e+23 2.74426e+23 9.42077e+12
87.7 2.68158e+23 2.68158e+23 9.32725e+12
87.8 2.79365e+23 2.79365e+23 9.37835e+12
87.9 2.79372e+23 2.79372e+23 9.37704e+12
88 2.7817e+23 2.7817e+23 9.36586e+12
88.1 2.76176e+23 2.76176e+23 9.35273e+12
88.2 2.70822e+23 2.70822e+23 9.32444e+12
88.3 2.81196e+23 2.81196e+23 9.36534e+12
88.4 2.73055e+23 2.73055e+23 9.41348e+12
88.5 2.81805e+23 2.81805e+23 9.3116e+12
88.6 2.74858e+23 2.74858e+23 9.35235e+12
88.7 2.84537e+23 2.84537e+23 9.37094e+12
88.8 2.89054e+23 2.89054e+23 9.35977e+12
88.9 2.76286e+23 2.76286e+23 9.3951e+12
89 2.7559e+23 2.7559e+23 9.3015e+12
89.1 2.76e+23 2.76e+23 9.3791e+12
89.2 2.66278e+23 2.66278e+23 9.31976e+12
89.3 2.81431e+23 2.81431e+23 9.30442e+12
89.4 2.81199e+23 2.81199e+23 9.39621e+12
89.5 2.7237e+23 2.7237e+23 9.39282e+12
89.6 2.77015e+23 2.77015e+23 9.34949e+12
89.7 2.83792e+23 2.83792e+23 9.3589e+12
89.8 2.81765e+23 2.81765e+23 9.2807e+12
89.9 2.83512e+23 2.83512e+23 9.40087e+12
90 2.95024e+23 2.95024e+23 9.36095e+12
90.1 2.92145e+23 2.92145e+23 9.3285e+12
90.2 2.76393e+23 2.76393e+23 9.35819e+12
90.3 2.87039e+23 2.87039e+23 9.35704e+12
90.4 2.80498e+23 2.80498e+23 9.30381e+12
90.5 2.79193e+23 2.79193e+23 9.35829e+12
90.6 2.81082e+23 2.81082e+23 9.35219e+12
90.7 2.83183e+23 2.83183e+23 9.31505e+12
90.8 2.81948e+23 2.81948e+23 9.35868e+12
90.9 2.81763e+23 2.81763e+23 9.31075e+12
91 2.99488e+23 2.99488e+23 9.38287e+12
91.1 2.88757e+23 2.88757e+23 9.32318e+12
91.2 2.85214e+23 2.85214e+23 9.37398e+12
91.3 2.89989e+23 2.89989e+23 9.37797e+12
91.4 2.87816e+23 2.87816e+23 9.3014e+12
91.5 2.97184e+23 2.97184e+23 9.2825e+12
91.6 2.94792e+23 2.94792e+23 9.34024e+12
91.7 3.02014e+23 3.02014e+23 9.3866e+12
91.8 2.85191e+23 2.85191e+23 9.33171e+12
91.9 2.90533e+23 2.90533e+23 9.33933e+12
92 2.95577e+23 2.95577e+23 9.31921e+12
92.1 2.84277e+23 2.84277e+23 9.32125e+12
92.2 2.85467e+23 2.85467e+23 9.35863e+12
92.3 2.96981e+23 2.96981e+23 9.29588e+12
92.4 2.87985e+23 2.87985e+23 9.30442e+12
92.5 2.936e+23 2.936e+23 9.33012e+12
92.6 2.96807e+23 2.96807e+23 9.31666e+12
92.7 2.97476e+23 2.97476e+23 9.32182e+12
92.8 2.89178e+23 2.89178e+23 9.31767e+12
92.9 2.87808e+23 2.87808e+23 9.29495e+12
93 2.90319e+23 2.90319e+23 9.34971e+12
93.1 2.88402e+23 2.88402e+23 9.32157e+12
93.2 3.00773e+23 3.00773e+23 9.34312e+12
93.3 3.093e+23 3.093e+23 9.36417e+12
93.4 2.92165e+23 2.92165e+23 9.31655e+12
93.5 3.00036e+23 3.00036e+23 9.33199e+12
93.6 2.93787e+23 2.93787e+23 9.34332e+12
93.7 2.91337e+23 2.91337e+23 9.3176e+12
93.8 2.94131e+23 2.94131e+23 9.32803e+12
93.9 2.97904e+23 2.97904e+23 9.31832e+12
94 2.96714e+23 2.96714e+23 9.293e+12
94.1 2.99646e+23 2.99646e+23 9.33796e+12
94.2 2.96542e+23 2.96542e+23 9.34321e+12
94.3 2.96261e+23 2.96261e+23 9.37756e+12
94.4 2.96447e+23 2.96447e+23 9.28832e+12
94.5 2.95345e+23 2.95345e+23 9.29734e+12
94.6 2.98389e+23 2.98389e+23 9.32218e+12
94.7 2.95221e+23 2.95221e+23 9.30663e+12
94.8 3.06017e+23 3.06017e+23 9.37475e+12
94.9 2.86632e+23 2.86632e+23 9.32863e+12
95 3.05184e+23 3.05184e+23 9.30707e+12
95.1 3.05092e+23 3.05092e+23 9.35458e+12
95.2 3.18244e+23 3.18244e+23 9.27952e+12
95.3 3.00192e+23 3.00192e+23 9.31315e+12
95.4 3.06369e+23 3.06369e+23 9.32107e+12
95.5 2.97552e+23 2.97552e+23 9.28382e+12
95.6 3.08475e+23 3.08475e+23 9.34024e+12
95.7 3.04194e+23 3.04194e+23 9.29705e+12
95.8 3.09952e+23 3.09952e+23 9.29905e+12
95.9 3.10889e+23 3.10889e+23 9.28104e+12
96 2.98205e+23 2.98205e+23 9.31758e+12
96.1 3.1678e+23 3.1678e+23 9.28361e+12
96.2 3.00024e+23 3.00024e+23 9.31715e+12
96.3 3.01121e+23 3.01121e+23 9.32975e+12
96.4 3.01358e+23 3.01358e+23 9.32882e+12
96.5 3.00962e+23 3.00962e+23 9.31791e+12
96.6 2.95046e+23 2.95046e+23 9.3325e+12
96.7 3.00094e+23 3.00094e+23 9.27875e+12
96.8 3.0207e+23 3.0207e+23 9.35411e+12
96.9 2.96177e+23 2.96177e+23 9.29703e+12
97 3.07504e+23 3.07504e+23 9.29311e+12
97.1 3.06257e+23 3.06257e+23 9.24798e+12
97.2 2.92612e+23 2.92612e+23 9.28301e+12
97.3 2.97681e+23 2.97681e+23 9.30112e+12
97.4 2.9914e+23 2.9914e+23 9.29907e+12
97.5 3.00866e+23 3.00866e+23 9.29784e+12
97.6 2.95528e+23 2.95528e+23 9.26062e+12
97.7 3.04609e+23 3.04609e+23 9.30018e+12
97.8 3.04392e+23 3.04392e+23 9.29062e+12
97.9 2.97871e+23 2.97871e+23 9.30771e+12
98 3.1077e+23 3.1077e+23 9.28869e+12
98.1 2.94045e+23 2.94045e+23 9.2679e+12
98.2 3.00375e+23 3.00375e+23 9.25778e+12
98.3 3.03192e+23 3.03192e+23 9.31668e+12
98.4 2.97257e+23 2.97257e+23 9.29177e+12
98.5 3.15983e+23 3.15983e+23 9.244e+12
98.6 2.99681e+23 2.99681e+23 9.2582e+12
98.7 3.03899e+23 3.03899e+23 9.24453e+12
98.8 3.16103e+23 3.16103e+23 9.26679e+12
98.9 3.12804e+23 3.12804e+23 9.31314e+12
99 3.0417e+23 3.0417e+23 9.23992e+12
99.1 3.20852e+23 3.20852e+23 9.24361e+12
99.2 3.0596e+23 3.0596e+23 9.26842e+12
99.3 3.03444e+23 3.03444e+23 9.30932e+12
99.4 3.05953e+23 3.05953e+23 9.21987e+12
99.5 3.03462e+23 3.03462e+23 9.25239e+12
99.6 3.12858e+23 3.12858e+23 9.26764e+12
99.7 3.06197e+23 3.06197e+23 9.22245e+12
99.8 3.07216e+23 3.07216e+23 9.28553e+12
99.9 2.92862e+23 2.92862e+23 9.22774e+12
Wall clock time taken: 29.7683 seconds
