0 7.80506e+07 5e+07 2.80506e+07
0.1 2.4123e+20 2.4123e+20 1.13979e+10
0.2 4.57634e+20 4.57634e+20 2.69647e+10
0.3 4.36796e+20 4.36796e+20 3.60822e+10
0.4 9.74435e+20 9.74435e+20 4.94458e+10
0.5 1.28789e+21 1.28789e+21 6.5392e+10
0.6 1.2317e+21 1.2317e+21 7.42778e+10
0.7 1.63235e+21 1.63235e+21 8.63103e+10
0.8 1.90804e+21 1.90804e+21 1.01274e+11
0.9 1.75377e+21 1.75377e+21 1.08719e+11
1 2.10579e+21 2.10579e+21 1.20723e+11
1.1 2.49819e+21 2.49819e+21 1.37323e+11
1.2 2.46444e+21 2.46444e+21 1.46605e+11
1.3 2.9709e+21 2.9709e+21 1.61392e+11
1.4 3.47631e+21 3.47631e+21 1.78863e+11
1.5 3.35027e+21 3.35027e+21 1.86181e+11
1.6 3.6571e+21 3.6571e+21 1.98395e+11
1.7 3.92258e+21 3.92258e+21 2.12015e+11
1.8 3.64831e+21 3.64831e+21 2.17424e+11
1.9 4.04019e+21 4.04019e+21 2.31929e+11
2 4.54415e+21 4.54415e+21 2.48768e+11
2.1 4.56792e+21 4.56792e+21 2.58683e+11
2.2 5.16467e+21 5.16467e+21 2.76265e+11
2.3 5.61035e+21 5.61035e+21 2.90693e+11
2.4 5.34963e+21 5.34963e+21 2.96351e+11
2.5 5.54156e+21 5.54156e+21 3.08745e+11
2.6 5.73331e+21 5.73331e+21 3.19205e+11
2.7 5.58983e+21 5.58983e+21 3.27562e+11
2.8 6.13731e+21 6.13731e+21 3.4597e+11
2.9 6.77928e+21 6.77928e+21 3.62252e+11
3 6.91918e+21 6.91918e+21 3.74635e+11
3.1 7.30896e+21 7.30896e+21 3.89922e+11
3.2 7.52493e+21 7.52493e+21 3.98996e+11
3.3 7.20164e+21 7.20164e+21 4.05514e+11
3.4 7.32394e+21 7.32394e+21 4.17565e+11
3.5 7.75562e+21 7.75562e+21 4.29756e+11
3.6 7.87021e+21 7.87021e+21 4.43435e+11
3.7 8.36022e+21 8.36022e+21 4.60781e+11
3.8 9.0264e+21 9.0264e+21 4.75725e+11
3.9 9.00677e+21 9.00677e+21 4.87089e+11
4 9.12065e+21 9.12065e+21 4.98407e+11
4.1 9.46393e+21 9.46393e+21 5.08555e+11
4.2 9.17386e+21 9.17386e+21 5.16683e+11
4.3 9.31585e+21 9.31585e+21 5.28766e+11
4.4 9.99248e+21 9.99248e+21 5.44034e+11
4.5 1.00144e+22 1.00144e+22 5.57279e+11
4.6 1.0481e+22 1.0481e+22 5.74099e+11
4.7 1.13001e+22 1.13001e+22 5.90193e+11
4.8 1.10222e+22 1.10222e+22 5.98237e+11
4.9 1.10359e+22 1.10359e+22 6.08673e+11
5 1.06404e+22 1.06404e+22 6.18459e+11
5.1 1.09561e+22 1.09561e+22 6.24373e+11
5.2 1.12892e+22 1.12892e+22 6.40731e+11
5.3 1.14367e+22 1.14367e+22 6.58465e+11
5.4 1.22454e+22 1.22454e+22 6.71383e+11
5.5 1.28216e+22 1.28216e+22 6.90694e+11
5.6 1.26539e+22 1.26539e+22 7.01766e+11
5.7 1.27984e+22 1.27984e+22 7.05173e+11
5.8 1.28036e+22 1.28036e+22 7.17363e+11
5.9 1.24195e+22 1.24195e+22 7.25337e+11
6 1.29483e+22 1.29483e+22 7.35583e+11
6.1 1.36588e+22 1.36588e+22 7.58878e+11
6.2 1.38385e+22 1.38385e+22 7.73801e+11
6.3 1.45729e+22 1.45729e+22 7.86475e+11
6.4 1.48871e+22 1.48871e+22 8.02912e+11
6.5 1.42925e+22 1.42925e+22 8.05655e+11
6.6 1.44401e+22 1.44401e+22 8.11465e+11
6.7 1.46205e+22 1.46205e+22 8.26629e+11
6.8 1.44795e+22 1.44795e+22 8.35923e+11
6.9 1.5374e+22 1.5374e+22 8.5395e+11
7 1.60586e+22 1.60586e+22 8.75908e+11
7.1 1.60546e+22 1.60546e+22 8.85678e+11
7.2 1.65818e+22 1.65818e+22 8.9816e+11
7.3 1.65491e+22 1.65491e+22 9.09031e+11
7.4 1.60539e+22 1.60539e+22 9.11951e+11
7.5 1.6439e+22 1.6439e+22 9.23688e+11
7.6 1.66685e+22 1.66685e+22 9.38551e+11
7.7 1.68134e+22 1.68134e+22 9.51364e+11
7.8 1.76908e+22 1.76908e+22 9.70799e+11
7.9 1.8137e+22 1.8137e+22 9.87687e+11
8 1.81983e+22 1.81983e+22 9.9801e+11
8.1 1.84612e+22 1.84612e+22 1.00794e+12
8.2 1.82365e+22 1.82365e+22 1.01536e+12
8.3 1.79958e+22 1.79958e+22 1.02211e+12
8.4 1.83312e+22 1.83312e+22 1.03381e+12
8.5 1.87298e+22 1.87298e+22 1.05148e+12
8.6 1.9285e+22 1.9285e+22 1.07018e+12
8.7 2.00406e+22 2.00406e+22 1.08652e+12
8.8 2.03828e+22 2.03828e+22 1.10207e+12
8.9 2.02276e+22 2.02276e+22 1.10946e+12
9 2.00136e+22 2.00136e+22 1.11176e+12
9.1 1.99023e+22 1.99023e+22 1.12237e+12
9.2 1.99149e+22 1.99149e+22 1.13306e+12
9.3 2.04684e+22 2.04684e+22 1.14716e+12
9.4 2.13528e+22 2.13528e+22 1.17283e+12
9.5 2.1804e+22 2.1804e+22 1.18823e+12
9.6 2.21336e+22 2.21336e+22 1.19736e+12
9.7 2.2233e+22 2.2233e+22 1.21132e+12
9.8 2.16558e+22 2.16558e+22 1.21172e+12
9.9 2.15734e+22 2.15734e+22 1.21638e+12
10 2.20268e+22 2.20268e+22 1.23674e+12
10.1 2.22235e+22 2.22235e+22 1.24836e+12
10.2 2.30613e+22 2.30613e+22 1.26702e+12
10.3 2.38976e+22 2.38976e+22 1.29205e+12
10.4 2.37603e+22 2.37603e+22 1.29659e+12
10.5 2.38828e+22 2.38828e+22 1.30487e+12
10.6 2.38334e+22 2.38334e+22 1.31728e+12
10.7 2.32905e+22 2.32905e+22 1.31639e+12
10.8 2.37477e+22 2.37477e+22 1.33104e+12
10.9 2.43141e+22 2.43141e+22 1.35275e+12
11 2.45253e+22 2.45253e+22 1.36301e+12
11.1 2.54632e+22 2.54632e+22 1.3846e+12
11.2 2.58476e+22 2.58476e+22 1.40166e+12
11.3 2.55371e+22 2.55371e+22 1.40353e+12
11.4 2.5734e+22 2.5734e+22 1.41465e+12
11.5 2.54893e+22 2.54893e+22 1.42275e+12
11.6 2.52433e+22 2.52433e+22 1.42714e+12
11.7 2.59651e+22 2.59651e+22 1.44692e+12
11.8 2.6483e+22 2.6483e+22 1.46614e+12
11.9 2.6989e+22 2.6989e+22 1.48173e+12
12 2.77937e+22 2.77937e+22 1.50065e+12
12.1 2.77413e+22 2.77413e+22 1.50963e+12
12.2 2.73296e+22 2.73296e+22 1.51255e+12
12.3 2.723e+22 2.723e+22 1.51887e+12
12.4 2.71075e+22 2.71075e+22 1.52799e+12
12.5 2.74269e+22 2.74269e+22 1.54345e+12
12.6 2.83131e+22 2.83131e+22 1.56399e+12
12.7 2.91085e+22 2.91085e+22 1.58571e+12
12.8 2.9517e+22 2.9517e+22 1.6009e+12
12.9 2.95546e+22 2.95546e+22 1.60707e+12
13 2.92994e+22 2.92994e+22 1.61395e+12
13.1 2.88553e+22 2.88553e+22 1.61805e+12
13.2 2.88725e+22 2.88725e+22 1.62493e+12
13.3 2.95566e+22 2.95566e+22 1.64687e+12
13.4 3.01199e+22 3.01199e+22 1.66546e+12
13.5 3.08127e+22 3.08127e+22 1.68133e+12
13.6 3.15113e+22 3.15113e+22 1.70243e+12
13.7 3.12074e+22 3.12074e+22 1.70652e+12
13.8 3.09334e+22 3.09334e+22 1.70858e+12
13.9 3.10381e+22 3.10381e+22 1.72242e+12
14 3.07059e+22 3.07059e+22 1.72652e+12
14.1 3.12139e+22 3.12139e+22 1.74122e+12
14.2 3.22057e+22 3.22057e+22 1.76839e+12
14.3 3.23766e+22 3.23766e+22 1.77894e+12
14.4 3.30264e+22 3.30264e+22 1.79523e+12
14.5 3.34539e+22 3.34539e+22 1.81231e+12
14.6 3.27424e+22 3.27424e+22 1.80934e+12
14.7 3.28021e+22 3.28021e+22 1.81876e+12
14.8 3.29847e+22 3.29847e+22 1.83251e+12
14.9 3.27053e+22 3.27053e+22 1.8369e+12
15 3.36476e+22 3.36476e+22 1.86082e+12
15.1 3.4496e+22 3.4496e+22 1.88297e+12
15.2 3.45825e+22 3.45825e+22 1.89179e+12
15.3 3.52177e+22 3.52177e+22 1.91025e+12
15.4 3.50948e+22 3.50948e+22 1.91618e+12
15.5 3.43248e+22 3.43248e+22 1.91405e+12
15.6 3.45223e+22 3.45223e+22 1.92804e+12
15.7 3.47456e+22 3.47456e+22 1.93897e+12
15.8 3.50961e+22 3.50961e+22 1.95495e+12
15.9 3.62334e+22 3.62334e+22 1.98257e+12
16 3.68642e+22 3.68642e+22 1.99697e+12
16.1 3.68795e+22 3.68795e+22 2.00698e+12
16.2 3.67843e+22 3.67843e+22 2.01568e+12
16.3 3.63417e+22 3.63417e+22 2.01493e+12
16.4 3.60766e+22 3.60766e+22 2.02338e+12
16.5 3.64521e+22 3.64521e+22 2.03947e+12
16.6 3.72366e+22 3.72366e+22 2.05703e+12
16.7 3.79842e+22 3.79842e+22 2.08048e+12
16.8 3.84942e+22 3.84942e+22 2.09634e+12
16.9 3.8809e+22 3.8809e+22 2.1056e+12
17 3.84654e+22 3.84654e+22 2.11297e+12
17.1 3.80027e+22 3.80027e+22 2.11497e+12
17.2 3.82682e+22 3.82682e+22 2.12535e+12
17.3 3.8418e+22 3.8418e+22 2.14072e+12
17.4 3.88618e+22 3.88618e+22 2.1559e+12
17.5 3.99955e+22 3.99955e+22 2.17935e+12
17.6 4.02058e+22 4.02058e+22 2.19442e+12
17.7 4.02898e+22 4.02898e+22 2.20291e+12
17.8 4.07602e+22 4.07602e+22 2.216e+12
17.9 4.00563e+22 4.00563e+22 2.21783e+12
18 3.98706e+22 3.98706e+22 2.22403e+12
18.1 4.06454e+22 4.06454e+22 2.24218e+12
18.2 4.04922e+22 4.04922e+22 2.25226e+12
18.3 4.11876e+22 4.11876e+22 2.27282e+12
18.4 4.24556e+22 4.24556e+22 2.29675e+12
18.5 4.21684e+22 4.21684e+22 2.30264e+12
18.6 4.23332e+22 4.23332e+22 2.31541e+12
18.7 4.17937e+22 4.17937e+22 2.32359e+12
18.8 4.15696e+22 4.15696e+22 2.32012e+12
18.9 4.18705e+22 4.18705e+22 2.33737e+12
19 4.19671e+22 4.19671e+22 2.35464e+12
19.1 4.28295e+22 4.28295e+22 2.36779e+12
19.2 4.39578e+22 4.39578e+22 2.39711e+12
19.3 4.39183e+22 4.39183e+22 2.40878e+12
19.4 4.40172e+22 4.40172e+22 2.41015e+12
19.5 4.39495e+22 4.39495e+22 2.42284e+12
19.6 4.29948e+22 4.29948e+22 2.42135e+12
19.7 4.336e+22 4.336e+22 2.42927e+12
19.8 4.42394e+22 4.42394e+22 2.45656e+12
19.9 4.44081e+22 4.44081e+22 2.47051e+12
20 4.55869e+22 4.55869e+22 2.49072e+12
20.1 4.61783e+22 4.61783e+22 2.5112e+12
20.2 4.5385e+22 4.5385e+22 2.50899e+12
20.3 4.55158e+22 4.55158e+22 2.51604e+12
20.4 4.53775e+22 4.53775e+22 2.52646e+12
20.5 4.49432e+22 4.49432e+22 2.53017e+12
20.6 4.60362e+22 4.60362e+22 2.55303e+12
20.7 4.66969e+22 4.66969e+22 2.57423e+12
20.8 4.68605e+22 4.68605e+22 2.58606e+12
20.9 4.77602e+22 4.77602e+22 2.60546e+12
21 4.76095e+22 4.76095e+22 2.61276e+12
21.1 4.71068e+22 4.71068e+22 2.61537e+12
21.2 4.74061e+22 4.74061e+22 2.62711e+12
21.3 4.72193e+22 4.72193e+22 2.63408e+12
21.4 4.7418e+22 4.7418e+22 2.64829e+12
21.5 4.83404e+22 4.83404e+22 2.66951e+12
21.6 4.87732e+22 4.87732e+22 2.68535e+12
21.7 4.93293e+22 4.93293e+22 2.704e+12
21.8 4.97443e+22 4.97443e+22 2.71531e+12
21.9 4.93955e+22 4.93955e+22 2.71956e+12
22 4.91435e+22 4.91435e+22 2.7276e+12
22.1 4.90282e+22 4.90282e+22 2.73148e+12
22.2 4.91841e+22 4.91841e+22 2.74517e+12
22.3 4.98903e+22 4.98903e+22 2.76831e+12
22.4 5.06661e+22 5.06661e+22 2.78413e+12
22.5 5.14433e+22 5.14433e+22 2.80609e+12
22.6 5.1643e+22 5.1643e+22 2.81928e+12
22.7 5.11987e+22 5.11987e+22 2.81614e+12
22.8 5.09673e+22 5.09673e+22 2.82566e+12
22.9 5.06332e+22 5.06332e+22 2.83183e+12
23 5.08073e+22 5.08073e+22 2.83909e+12
23.1 5.19424e+22 5.19424e+22 2.87024e+12
23.2 5.25598e+22 5.25598e+22 2.88856e+12
23.3 5.31194e+22 5.31194e+22 2.90013e+12
23.4 5.36498e+22 5.36498e+22 2.92125e+12
23.5 5.28683e+22 5.28683e+22 2.91733e+12
23.6 5.24971e+22 5.24971e+22 2.91758e+12
23.7 5.28061e+22 5.28061e+22 2.93729e+12
23.8 5.26317e+22 5.26317e+22 2.94193e+12
23.9 5.35491e+22 5.35491e+22 2.96253e+12
24 5.46212e+22 5.46212e+22 2.99283e+12
24.1 5.45548e+22 5.45548e+22 2.99686e+12
24.2 5.50795e+22 5.50795e+22 3.01137e+12
24.3 5.50667e+22 5.50667e+22 3.0246e+12
24.4 5.42167e+22 5.42167e+22 3.01775e+12
24.5 5.46389e+22 5.46389e+22 3.03281e+12
24.6 5.48711e+22 5.48711e+22 3.04924e+12
24.7 5.48851e+22 5.48851e+22 3.05612e+12
24.8 5.61262e+22 5.61262e+22 3.08418e+12
24.9 5.66231e+22 5.66231e+22 3.10241e+12
25 5.66452e+22 5.66452e+22 3.10861e+12
25.1 5.71807e+22 5.71807e+22 3.12516e+12
25.2 5.6613e+22 5.6613e+22 3.12678e+12
25.3 5.61071e+22 5.61071e+22 3.12768e+12
25.4 5.65638e+22 5.65638e+22 3.14414e+12
25.5 5.6724e+22 5.6724e+22 3.15688e+12
25.6 5.7494e+22 5.7494e+22 3.17844e+12
25.7 5.86643e+22 5.86643e+22 3.20339e+12
25.8 5.89217e+22 5.89217e+22 3.21469e+12
25.9 5.89032e+22 5.89032e+22 3.22399e+12
26 5.85065e+22 5.85065e+22 3.22551e+12
26.1 5.79072e+22 5.79072e+22 3.22649e+12
26.2 5.8049e+22 5.8049e+22 3.24058e+12
26.3 5.86099e+22 5.86099e+22 3.25612e+12
26.4 5.95951e+22 5.95951e+22 3.28129e+12
26.5 6.05734e+22 6.05734e+22 3.30614e+12
26.6 6.07976e+22 6.07976e+22 3.31327e+12
26.7 6.07482e+22 6.07482e+22 3.32317e+12
26.8 6.01572e+22 6.01572e+22 3.3255e+12
26.9 5.95797e+22 5.95797e+22 3.3222e+12
27 6.00817e+22 6.00817e+22 3.34272e+12
27.1 6.0539e+22 6.0539e+22 3.36014e+12
27.2 6.12609e+22 6.12609e+22 3.37577e+12
27.3 6.24643e+22 6.24643e+22 3.40639e+12
27.4 6.23893e+22 6.23893e+22 3.41302e+12
27.5 6.22089e+22 6.22089e+22 3.41482e+12
27.6 6.23427e+22 6.23427e+22 3.43061e+12
27.7 6.15199e+22 6.15199e+22 3.42667e+12
27.8 6.17723e+22 6.17723e+22 3.43693e+12
27.9 6.27321e+22 6.27321e+22 3.46503e+12
28 6.27191e+22 6.27191e+22 3.47272e+12
28.1 6.37366e+22 6.37366e+22 3.49534e+12
28.2 6.46023e+22 6.46023e+22 3.51913e+12
28.3 6.39385e+22 6.39385e+22 3.51515e+12
28.4 6.41196e+22 6.41196e+22 3.52703e+12
28.5 6.3993e+22 6.3993e+22 3.53571e+12
28.6 6.31817e+22 6.31817e+22 3.53091e+12
28.7 6.40231e+22 6.40231e+22 3.55521e+12
28.8 6.47911e+22 6.47911e+22 3.57633e+12
28.9 6.51621e+22 6.51621e+22 3.58916e+12
29 6.64441e+22 6.64441e+22 3.61852e+12
29.1 6.6503e+22 6.6503e+22 3.62512e+12
29.2 6.5735e+22 6.5735e+22 3.62198e+12
29.3 6.5641e+22 6.5641e+22 3.63292e+12
29.4 6.51895e+22 6.51895e+22 3.63268e+12
29.5 6.53985e+22 6.53985e+22 3.64702e+12
29.6 6.66528e+22 6.66528e+22 3.678e+12
29.7 6.74877e+22 6.74877e+22 3.69486e+12
29.8 6.81834e+22 6.81834e+22 3.71512e+12
29.9 6.83257e+22 6.83257e+22 3.72647e+12
30 6.76029e+22 6.76029e+22 3.72043e+12
30.1 6.71149e+22 6.71149e+22 3.72669e+12
30.2 6.69721e+22 6.69721e+22 3.73438e+12
30.3 6.75069e+22 6.75069e+22 3.74817e+12
30.4 6.85522e+22 6.85522e+22 3.77806e+12
30.5 6.92776e+22 6.92776e+22 3.7963e+12
30.6 7.00163e+22 7.00163e+22 3.81177e+12
30.7 6.99742e+22 6.99742e+22 3.82432e+12
30.8 6.92304e+22 6.92304e+22 3.82022e+12
30.9 6.92788e+22 6.92788e+22 3.82787e+12
31 6.90937e+22 6.90937e+22 3.83931e+12
31.1 6.91808e+22 6.91808e+22 3.84797e+12
31.2 7.05318e+22 7.05318e+22 3.876e+12
31.3 7.09109e+22 7.09109e+22 3.89456e+12
31.4 7.11988e+22 7.11988e+22 3.90517e+12
31.5 7.21362e+22 7.21362e+22 3.92556e+12
31.6 7.13293e+22 7.13293e+22 3.92486e+12
31.7 7.08425e+22 7.08425e+22 3.92617e+12
31.8 7.14475e+22 7.14475e+22 3.94285e+12
31.9 7.08607e+22 7.08607e+22 3.94537e+12
32 7.15177e+22 7.15177e+22 3.96625e+12
32.1 7.31082e+22 7.31082e+22 3.99684e+12
32.2 7.30539e+22 7.30539e+22 4.00468e+12
32.3 7.36885e+22 7.36885e+22 4.02443e+12
32.4 7.32467e+22 7.32467e+22 4.03413e+12
32.5 7.25946e+22 7.25946e+22 4.02238e+12
32.6 7.26055e+22 7.26055e+22 4.03635e+12
32.7 7.22834e+22 7.22834e+22 4.04792e+12
32.8 7.30029e+22 7.30029e+22 4.05821e+12
32.9 7.46156e+22 7.46156e+22 4.09646e+12
33 7.49003e+22 7.49003e+22 4.1127e+12
33.1 7.53399e+22 7.53399e+22 4.1176e+12
33.2 7.54862e+22 7.54862e+22 4.13355e+12
33.3 7.40119e+22 7.40119e+22 4.12346e+12
33.4 7.39646e+22 7.39646e+22 4.12569e+12
33.5 7.47134e+22 7.47134e+22 4.1518e+12
33.6 7.47482e+22 7.47482e+22 4.16281e+12
33.7 7.63236e+22 7.63236e+22 4.19042e+12
33.8 7.73394e+22 7.73394e+22 4.21766e+12
33.9 7.66606e+22 7.66606e+22 4.21501e+12
34 7.69153e+22 7.69153e+22 4.22461e+12
34.1 7.64253e+22 7.64253e+22 4.22986e+12
34.2 7.55553e+22 7.55553e+22 4.22601e+12
34.3 7.66262e+22 7.66262e+22 4.24989e+12
34.4 7.71559e+22 7.71559e+22 4.269e+12
34.5 7.74804e+22 7.74804e+22 4.28326e+12
34.6 7.88176e+22 7.88176e+22 4.31069e+12
34.7 7.87341e+22 7.87341e+22 4.31764e+12
34.8 7.83739e+22 7.83739e+22 4.32184e+12
34.9 7.86394e+22 7.86394e+22 4.33386e+12
35 7.79819e+22 7.79819e+22 4.33284e+12
35.1 7.80523e+22 7.80523e+22 4.34585e+12
35.2 7.88914e+22 7.88914e+22 4.36639e+12
35.3 7.92283e+22 7.92283e+22 4.38039e+12
35.4 8.01945e+22 8.01945e+22 4.40696e+12
35.5 8.08906e+22 8.08906e+22 4.4218e+12
35.6 8.06418e+22 8.06418e+22 4.42572e+12
35.7 8.04432e+22 8.04432e+22 4.43589e+12
35.8 7.98535e+22 7.98535e+22 4.43209e+12
35.9 7.96528e+22 7.96528e+22 4.43959e+12
36 8.03238e+22 8.03238e+22 4.46377e+12
36.1 8.10022e+22 8.10022e+22 4.47814e+12
36.2 8.22106e+22 8.22106e+22 4.50687e+12
36.3 8.29415e+22 8.29415e+22 4.52816e+12
36.4 8.25136e+22 8.25136e+22 4.52335e+12
36.5 8.22614e+22 8.22614e+22 4.53289e+12
36.6 8.15602e+22 8.15602e+22 4.53382e+12
36.7 8.12095e+22 8.12095e+22 4.53217e+12
36.8 8.23771e+22 8.23771e+22 4.56527e+12
36.9 8.3089e+22 8.3089e+22 4.58526e+12
37 8.39024e+22 8.39024e+22 4.59997e+12
37.1 8.49387e+22 8.49387e+22 4.62954e+12
37.2 8.41515e+22 8.41515e+22 4.62391e+12
37.3 8.36052e+22 8.36052e+22 4.62081e+12
37.4 8.37219e+22 8.37219e+22 4.63922e+12
37.5 8.31228e+22 8.31228e+22 4.63635e+12
37.6 8.40614e+22 8.40614e+22 4.65718e+12
37.7 8.53098e+22 8.53098e+22 4.69169e+12
37.8 8.52781e+22 8.52781e+22 4.69563e+12
37.9 8.62194e+22 8.62194e+22 4.71654e+12
38 8.63683e+22 8.63683e+22 4.73204e+12
38.1 8.53135e+22 8.53135e+22 4.72119e+12
38.2 8.57276e+22 8.57276e+22 4.73707e+12
38.3 8.56579e+22 8.56579e+22 4.74845e+12
38.4 8.53754e+22 8.53754e+22 4.75046e+12
38.5 8.67184e+22 8.67184e+22 4.78202e+12
38.6 8.72176e+22 8.72176e+22 4.79994e+12
38.7 8.75171e+22 8.75171e+22 4.81012e+12
38.8 8.84663e+22 8.84663e+22 4.83374e+12
38.9 8.78298e+22 8.78298e+22 4.83262e+12
39 8.72298e+22 8.72298e+22 4.83215e+12
39.1 8.74041e+22 8.74041e+22 4.84539e+12
39.2 8.70879e+22 8.70879e+22 4.84979e+12
39.3 8.79125e+22 8.79125e+22 4.87335e+12
39.4 8.92495e+22 8.92495e+22 4.90217e+12
39.5 8.97659e+22 8.97659e+22 4.91643e+12
39.6 9.03214e+22 9.03214e+22 4.9344e+12
39.7 8.99217e+22 8.99217e+22 4.93506e+12
39.8 8.89617e+22 8.89617e+22 4.92998e+12
39.9 8.88641e+22 8.88641e+22 4.94137e+12
40 8.89582e+22 8.89582e+22 4.94913e+12
40.1 8.98626e+22 8.98626e+22 4.97384e+12
40.2 9.1224e+22 9.1224e+22 5.00605e+12
40.3 9.17123e+22 9.17123e+22 5.0155e+12
40.4 9.20564e+22 9.20564e+22 5.03104e+12
40.5 9.15588e+22 9.15588e+22 5.03498e+12
40.6 9.05803e+22 9.05803e+22 5.02389e+12
40.7 9.086e+22 9.086e+22 5.04204e+12
40.8 9.10454e+22 9.10454e+22 5.05604e+12
40.9 9.16482e+22 9.16482e+22 5.06874e+12
41 9.32301e+22 9.32301e+22 5.10641e+12
41.1 9.33406e+22 9.33406e+22 5.11604e+12
41.2 9.33611e+22 9.33611e+22 5.11954e+12
41.3 9.37613e+22 9.37613e+22 5.1396e+12
41.4 9.26154e+22 9.26154e+22 5.13022e+12
41.5 9.25763e+22 9.25763e+22 5.13613e+12
41.6 9.34296e+22 9.34296e+22 5.16304e+12
41.7 9.31059e+22 9.31059e+22 5.16518e+12
41.8 9.42265e+22 9.42265e+22 5.19098e+12
41.9 9.54253e+22 9.54253e+22 5.22074e+12
42 9.49815e+22 9.49815e+22 5.21818e+12
42.1 9.55221e+22 9.55221e+22 5.23603e+12
42.2 9.53241e+22 9.53241e+22 5.24359e+12
42.3 9.41029e+22 9.41029e+22 5.23113e+12
42.4 9.47046e+22 9.47046e+22 5.25321e+12
42.5 9.51057e+22 9.51057e+22 5.26926e+12
42.6 9.54782e+22 9.54782e+22 5.28212e+12
42.7 9.72633e+22 9.72633e+22 5.32088e+12
42.8 9.76253e+22 9.76253e+22 5.33114e+12
42.9 9.71762e+22 9.71762e+22 5.33143e+12
43 9.70828e+22 9.70828e+22 5.34282e+12
43.1 9.59839e+22 9.59839e+22 5.3323e+12
43.2 9.58184e+22 9.58184e+22 5.34145e+12
43.3 9.69324e+22 9.69324e+22 5.37097e+12
43.4 9.77321e+22 9.77321e+22 5.38739e+12
43.5 9.89921e+22 9.89921e+22 5.41766e+12
43.6 9.96343e+22 9.96343e+22 5.43545e+12
43.7 9.90296e+22 9.90296e+22 5.42913e+12
43.8 9.84874e+22 9.84874e+22 5.43581e+12
43.9 9.78157e+22 9.78157e+22 5.43519e+12
44 9.79341e+22 9.79341e+22 5.44184e+12
44.1 9.8975e+22 9.8975e+22 5.47337e+12
44.2 9.97004e+22 9.97004e+22 5.49158e+12
44.3 1.00852e+23 1.00852e+23 5.51305e+12
44.4 1.01291e+23 1.01291e+23 5.53317e+12
44.5 1.00525e+23 1.00525e+23 5.5271e+12
44.6 1.0054e+23 1.0054e+23 5.53418e+12
44.7 1.00071e+23 1.00071e+23 5.54187e+12
44.8 9.96763e+22 9.96763e+22 5.54224e+12
44.9 1.01029e+23 1.01029e+23 5.57097e+12
45 1.01441e+23 1.01441e+23 5.59048e+12
45.1 1.0185e+23 1.0185e+23 5.60291e+12
45.2 1.03314e+23 1.03314e+23 5.63216e+12
45.3 1.02716e+23 1.02716e+23 5.63303e+12
45.4 1.02183e+23 1.02183e+23 5.63287e+12
45.5 1.02646e+23 1.02646e+23 5.64871e+12
45.6 1.01544e+23 1.01544e+23 5.6421e+12
45.7 1.01916e+23 1.01916e+23 5.65875e+12
45.8 1.0349e+23 1.0349e+23 5.69156e+12
45.9 1.0352e+23 1.0352e+23 5.70042e+12
46 1.04756e+23 1.04756e+23 5.72898e+12
46.1 1.04734e+23 1.04734e+23 5.74488e+12
46.2 1.03949e+23 1.03949e+23 5.72968e+12
46.3 1.03761e+23 1.03761e+23 5.74109e+12
46.4 1.02884e+23 1.02884e+23 5.7445e+12
46.5 1.03114e+23 1.03114e+23 5.74739e+12
46.6 1.04902e+23 1.04902e+23 5.79019e+12
46.7 1.05491e+23 1.05491e+23 5.81111e+12
46.8 1.06441e+23 1.06441e+23 5.82307e+12
46.9 1.07098e+23 1.07098e+23 5.84685e+12
47 1.05417e+23 1.05417e+23 5.83205e+12
47.1 1.04937e+23 1.04937e+23 5.82802e+12
47.2 1.05258e+23 1.05258e+23 5.84893e+12
47.3 1.04878e+23 1.04878e+23 5.85271e+12
47.4 1.06644e+23 1.06644e+23 5.88432e+12
47.5 1.08056e+23 1.08056e+23 5.91875e+12
47.6 1.077e+23 1.077e+23 5.91931e+12
47.7 1.0837e+23 1.0837e+23 5.9349e+12
47.8 1.07737e+23 1.07737e+23 5.93777e+12
47.9 1.06426e+23 1.06426e+23 5.92654e+12
48 1.07326e+23 1.07326e+23 5.94861e+12
48.1 1.07579e+23 1.07579e+23 5.96315e+12
48.2 1.07913e+23 1.07913e+23 5.97773e+12
48.3 1.0965e+23 1.0965e+23 6.01248e+12
48.4 1.09762e+23 1.09762e+23 6.02128e+12
48.5 1.09674e+23 1.09674e+23 6.02925e+12
48.6 1.10067e+23 1.10067e+23 6.04348e+12
48.7 1.09067e+23 1.09067e+23 6.03573e+12
48.8 1.08899e+23 1.08899e+23 6.04564e+12
48.9 1.09462e+23 1.09462e+23 6.06266e+12
49 1.09559e+23 1.09559e+23 6.07218e+12
49.1 1.10798e+23 1.10798e+23 6.10449e+12
49.2 1.11784e+23 1.11784e+23 6.12426e+12
49.3 1.11858e+23 1.11858e+23 6.13136e+12
49.4 1.12017e+23 1.12017e+23 6.14688e+12
49.5 1.11123e+23 1.11123e+23 6.13802e+12
49.6 1.10458e+23 1.10458e+23 6.13827e+12
49.7 1.1087e+23 1.1087e+23 6.15958e+12
49.8 1.11232e+23 1.11232e+23 6.16917e+12
49.9 1.12659e+23 1.12659e+23 6.20244e+12
50 1.13955e+23 1.13955e+23 6.23306e+12
50.1 1.13826e+23 1.13826e+23 6.23079e+12
50.2 1.13772e+23 1.13772e+23 6.24332e+12
50.3 1.12783e+23 1.12783e+23 6.24023e+12
50.4 1.11789e+23 1.11789e+23 6.22795e+12
50.5 1.12688e+23 1.12688e+23 6.25848e+12
50.6 1.13293e+23 1.13293e+23 6.27742e+12
50.7 1.14329e+23 1.14329e+23 6.29498e+12
50.8 1.15966e+23 1.15966e+23 6.33492e+12
50.9 1.15414e+23 1.15414e+23 6.33196e+12
51 1.14919e+23 1.14919e+23 6.3281e+12
51.1 1.14897e+23 1.14897e+23 6.34526e+12
51.2 1.13727e+23 1.13727e+23 6.33369e+12
51.3 1.14473e+23 1.14473e+23 6.35165e+12
51.4 1.15832e+23 1.15832e+23 6.38832e+12
51.5 1.15813e+23 1.15813e+23 6.39229e+12
51.6 1.17129e+23 1.17129e+23 6.41992e+12
51.7 1.17588e+23 1.17588e+23 6.43939e+12
51.8 1.16496e+23 1.16496e+23 6.42611e+12
51.9 1.16887e+23 1.16887e+23 6.44285e+12
52 1.16512e+23 1.16512e+23 6.44941e+12
52.1 1.15935e+23 1.15935e+23 6.44558e+12
52.2 1.17288e+23 1.17288e+23 6.47866e+12
52.3 1.17705e+23 1.17705e+23 6.4956e+12
52.4 1.1825e+23 1.1825e+23 6.50921e+12
52.5 1.19683e+23 1.19683e+23 6.54085e+12
52.6 1.1916e+23 1.1916e+23 6.53999e+12
52.7 1.18635e+23 1.18635e+23 6.54004e+12
52.8 1.18606e+23 1.18606e+23 6.55087e+12
52.9 1.1772e+23 1.1772e+23 6.54589e+12
53 1.18384e+23 1.18384e+23 6.56761e+12
53.1 1.19719e+23 1.19719e+23 6.59746e+12
53.2 1.20363e+23 1.20363e+23 6.61386e+12
53.3 1.21529e+23 1.21529e+23 6.64147e+12
53.4 1.21425e+23 1.21425e+23 6.6449e+12
53.5 1.20293e+23 1.20293e+23 6.63643e+12
53.6 1.19905e+23 1.19905e+23 6.64512e+12
53.7 1.19457e+23 1.19457e+23 6.64375e+12
53.8 1.2012e+23 1.2012e+23 6.66473e+12
53.9 1.2166e+23 1.2166e+23 6.70215e+12
54 1.22395e+23 1.22395e+23 6.71482e+12
54.1 1.23289e+23 1.23289e+23 6.73785e+12
54.2 1.23065e+23 1.23065e+23 6.74624e+12
54.3 1.21762e+23 1.21762e+23 6.72931e+12
54.4 1.21788e+23 1.21788e+23 6.74401e+12
54.5 1.21603e+23 1.21603e+23 6.7529e+12
54.6 1.21898e+23 1.21898e+23 6.76056e+12
54.7 1.23731e+23 1.23731e+23 6.80325e+12
54.8 1.24046e+23 1.24046e+23 6.81616e+12
54.9 1.24275e+23 1.24275e+23 6.8222e+12
55 1.25017e+23 1.25017e+23 6.8476e+12
55.1 1.23735e+23 1.23735e+23 6.83491e+12
55.2 1.23459e+23 1.23459e+23 6.83738e+12
55.3 1.24188e+23 1.24188e+23 6.86331e+12
55.4 1.23582e+23 1.23582e+23 6.85962e+12
55.5 1.24709e+23 1.24709e+23 6.88637e+12
55.6 1.26072e+23 1.26072e+23 6.92035e+12
55.7 1.25807e+23 1.25807e+23 6.9189e+12
55.8 1.26802e+23 1.26802e+23 6.94337e+12
55.9 1.26705e+23 1.26705e+23 6.95281e+12
56 1.25241e+23 1.25241e+23 6.93534e+12
56.1 1.25688e+23 1.25688e+23 6.95513e+12
56.2 1.25626e+23 1.25626e+23 6.96426e+12
56.3 1.25715e+23 1.25715e+23 6.97311e+12
56.4 1.278e+23 1.278e+23 7.01782e+12
56.5 1.28469e+23 1.28469e+23 7.03221e+12
56.6 1.28478e+23 1.28478e+23 7.03883e+12
56.7 1.28725e+23 1.28725e+23 7.05517e+12
56.8 1.27286e+23 1.27286e+23 7.03796e+12
56.9 1.26683e+23 1.26683e+23 7.04114e+12
57 1.27412e+23 1.27412e+23 7.06584e+12
57.1 1.27954e+23 1.27954e+23 7.07779e+12
57.2 1.29568e+23 1.29568e+23 7.11522e+12
57.3 1.30685e+23 1.30685e+23 7.14072e+12
57.4 1.30434e+23 1.30434e+23 7.13755e+12
57.5 1.30106e+23 1.30106e+23 7.14768e+12
57.6 1.28989e+23 1.28989e+23 7.14053e+12
57.7 1.28562e+23 1.28562e+23 7.13846e+12
57.8 1.29407e+23 1.29407e+23 7.16806e+12
57.9 1.2994e+23 1.2994e+23 7.18362e+12
58 1.31348e+23 1.31348e+23 7.20951e+12
58.1 1.32313e+23 1.32313e+23 7.23817e+12
58.2 1.31708e+23 1.31708e+23 7.23321e+12
58.3 1.31846e+23 1.31846e+23 7.24215e+12
58.4 1.31247e+23 1.31247e+23 7.24808e+12
58.5 1.30393e+23 1.30393e+23 7.24058e+12
58.6 1.31582e+23 1.31582e+23 7.26787e+12
58.7 1.31886e+23 1.31886e+23 7.28597e+12
58.8 1.32285e+23 1.32285e+23 7.29779e+12
58.9 1.34117e+23 1.34117e+23 7.33431e+12
59 1.33764e+23 1.33764e+23 7.33823e+12
59.1 1.3343e+23 1.3343e+23 7.33929e+12
59.2 1.33969e+23 1.33969e+23 7.35704e+12
59.3 1.32422e+23 1.32422e+23 7.34319e+12
59.4 1.32454e+23 1.32454e+23 7.35395e+12
59.5 1.33872e+23 1.33872e+23 7.38522e+12
59.6 1.33728e+23 1.33728e+23 7.39186e+12
59.7 1.35377e+23 1.35377e+23 7.42762e+12
59.8 1.3596e+23 1.3596e+23 7.45225e+12
59.9 1.35425e+23 1.35425e+23 7.43888e+12
60 1.35317e+23 1.35317e+23 7.45178e+12
60.1 1.34012e+23 1.34012e+23 7.4484e+12
60.2 1.33609e+23 1.33609e+23 7.44081e+12
60.3 1.35181e+23 1.35181e+23 7.48211e+12
60.4 1.35756e+23 1.35756e+23 7.50362e+12
60.5 1.37134e+23 1.37134e+23 7.52193e+12
60.6 1.38503e+23 1.38503e+23 7.55682e+12
60.7 1.37019e+23 1.37019e+23 7.54308e+12
60.8 1.36393e+23 1.36393e+23 7.53603e+12
60.9 1.36252e+23 1.36252e+23 7.55129e+12
61 1.35198e+23 1.35198e+23 7.54453e+12
61.1 1.36868e+23 1.36868e+23 7.5752e+12
61.2 1.38523e+23 1.38523e+23 7.61465e+12
61.3 1.3849e+23 1.3849e+23 7.62001e+12
61.4 1.3978e+23 1.3978e+23 7.64482e+12
61.5 1.39337e+23 1.39337e+23 7.6494e+12
61.6 1.37687e+23 1.37687e+23 7.63263e+12
61.7 1.38255e+23 1.38255e+23 7.6513e+12
61.8 1.38076e+23 1.38076e+23 7.65857e+12
61.9 1.38228e+23 1.38228e+23 7.67002e+12
62 1.4015e+23 1.4015e+23 7.70975e+12
62.1 1.40427e+23 1.40427e+23 7.72083e+12
62.2 1.40737e+23 1.40737e+23 7.73407e+12
62.3 1.4142e+23 1.4142e+23 7.75306e+12
62.4 1.40229e+23 1.40229e+23 7.74135e+12
62.5 1.399e+23 1.399e+23 7.74871e+12
62.6 1.40153e+23 1.40153e+23 7.76131e+12
62.7 1.39848e+23 1.39848e+23 7.76415e+12
62.8 1.41165e+23 1.41165e+23 7.79894e+12
62.9 1.42355e+23 1.42355e+23 7.82264e+12
63 1.42778e+23 1.42778e+23 7.83427e+12
63.1 1.43499e+23 1.43499e+23 7.85792e+12
63.2 1.42618e+23 1.42618e+23 7.84795e+12
63.3 1.41579e+23 1.41579e+23 7.84225e+12
63.4 1.41598e+23 1.41598e+23 7.85832e+12
63.5 1.41448e+23 1.41448e+23 7.85926e+12
63.6 1.42794e+23 1.42794e+23 7.89251e+12
63.7 1.4448e+23 1.4448e+23 7.93092e+12
63.8 1.44843e+23 1.44843e+23 7.93422e+12
63.9 1.45355e+23 1.45355e+23 7.95422e+12
64 1.44374e+23 1.44374e+23 7.95148e+12
64.1 1.42839e+23 1.42839e+23 7.92993e+12
64.2 1.43332e+23 1.43332e+23 7.95466e+12
64.3 1.43538e+23 1.43538e+23 7.96849e+12
64.4 1.44536e+23 1.44536e+23 7.98594e+12
64.5 1.46774e+23 1.46774e+23 8.03588e+12
64.6 1.46682e+23 1.46682e+23 8.03909e+12
64.7 1.46437e+23 1.46437e+23 8.03814e+12
64.8 1.4643e+23 1.4643e+23 8.05572e+12
64.9 1.44707e+23 1.44707e+23 8.03515e+12
65 1.44988e+23 1.44988e+23 8.04693e+12
65.1 1.46209e+23 1.46209e+23 8.08245e+12
65.2 1.46174e+23 1.46174e+23 8.0853e+12
65.3 1.47846e+23 1.47846e+23 8.11962e+12
65.4 1.48663e+23 1.48663e+23 8.14525e+12
65.5 1.47724e+23 1.47724e+23 8.13235e+12
65.6 1.48226e+23 1.48226e+23 8.15118e+12
65.7 1.47567e+23 1.47567e+23 8.15403e+12
65.8 1.46649e+23 1.46649e+23 8.14397e+12
65.9 1.4793e+23 1.4793e+23 8.17642e+12
66 1.48128e+23 1.48128e+23 8.19077e+12
66.1 1.48734e+23 1.48734e+23 8.20585e+12
66.2 1.50601e+23 1.50601e+23 8.24465e+12
66.3 1.50284e+23 1.50284e+23 8.24597e+12
66.4 1.49959e+23 1.49959e+23 8.24859e+12
66.5 1.49924e+23 1.49924e+23 8.25903e+12
66.6 1.4853e+23 1.4853e+23 8.24537e+12
66.7 1.48815e+23 1.48815e+23 8.26235e+12
66.8 1.49966e+23 1.49966e+23 8.28995e+12
66.9 1.50639e+23 1.50639e+23 8.30639e+12
67 1.52339e+23 1.52339e+23 8.34355e+12
67.1 1.52741e+23 1.52741e+23 8.35371e+12
67.2 1.5184e+23 1.5184e+23 8.34628e+12
67.3 1.51356e+23 1.51356e+23 8.35427e+12
67.4 1.50276e+23 1.50276e+23 8.34349e+12
67.5 1.50476e+23 1.50476e+23 8.35672e+12
67.6 1.51981e+23 1.51981e+23 8.3948e+12
67.7 1.5279e+23 1.5279e+23 8.4093e+12
67.8 1.54226e+23 1.54226e+23 8.44048e+12
67.9 1.54558e+23 1.54558e+23 8.45657e+12
68 1.53203e+23 1.53203e+23 8.43742e+12
68.1 1.52993e+23 1.52993e+23 8.44901e+12
68.2 1.52374e+23 1.52374e+23 8.4516e+12
68.3 1.52212e+23 1.52212e+23 8.45187e+12
68.4 1.54116e+23 1.54116e+23 8.49696e+12
68.5 1.54658e+23 1.54658e+23 8.51346e+12
68.6 1.55178e+23 1.55178e+23 8.52353e+12
68.7 1.56326e+23 1.56326e+23 8.55594e+12
68.8 1.55069e+23 1.55069e+23 8.54234e+12
68.9 1.54626e+23 1.54626e+23 8.54174e+12
69 1.55133e+23 1.55133e+23 8.56606e+12
69.1 1.54158e+23 1.54158e+23 8.55604e+12
69.2 1.55232e+23 1.55232e+23 8.58148e+12
69.3 1.56642e+23 1.56642e+23 8.61801e+12
69.4 1.56379e+23 1.56379e+23 8.61704e+12
69.5 1.57794e+23 1.57794e+23 8.6476e+12
69.6 1.57995e+23 1.57995e+23 8.66095e+12
69.7 1.56423e+23 1.56423e+23 8.6413e+12
69.8 1.56776e+23 1.56776e+23 8.66023e+12
69.9 1.56354e+23 1.56354e+23 8.66305e+12
70 1.56031e+23 1.56031e+23 8.66555e+12
70.1 1.58116e+23 1.58116e+23 8.71248e+12
70.2 1.58966e+23 1.58966e+23 8.72962e+12
70.3 1.59482e+23 1.59482e+23 8.7431e+12
70.4 1.60269e+23 1.60269e+23 8.76766e+12
70.5 1.58786e+23 1.58786e+23 8.74823e+12
70.6 1.57865e+23 1.57865e+23 8.74635e+12
70.7 1.58087e+23 1.58087e+23 8.76424e+12
70.8 1.58106e+23 1.58106e+23 8.76756e+12
70.9 1.59797e+23 1.59797e+23 8.80722e+12
71 1.61287e+23 1.61287e+23 8.83965e+12
71.1 1.6151e+23 1.6151e+23 8.84228e+12
71.2 1.61727e+23 1.61727e+23 8.85959e+12
71.3 1.60484e+23 1.60484e+23 8.85e+12
71.4 1.59519e+23 1.59519e+23 8.83964e+12
71.5 1.60031e+23 1.60031e+23 8.86465e+12
71.6 1.60251e+23 1.60251e+23 8.87496e+12
71.7 1.61716e+23 1.61716e+23 8.90272e+12
71.8 1.63149e+23 1.63149e+23 8.93987e+12
71.9 1.62893e+23 1.62893e+23 8.93844e+12
72 1.63307e+23 1.63307e+23 8.95096e+12
72.1 1.62642e+23 1.62642e+23 8.95664e+12
72.2 1.61346e+23 1.61346e+23 8.94155e+12
72.3 1.62295e+23 1.62295e+23 8.96553e+12
72.4 1.62369e+23 1.62369e+23 8.98081e+12
72.5 1.62628e+23 1.62628e+23 8.99035e+12
72.6 1.64753e+23 1.64753e+23 9.03252e+12
72.7 1.64642e+23 1.64642e+23 9.04025e+12
72.8 1.64551e+23 1.64551e+23 9.04406e+12
72.9 1.65363e+23 1.65363e+23 9.06625e+12
73 1.63597e+23 1.63597e+23 9.04858e+12
73.1 1.63298e+23 1.63298e+23 9.05408e+12
73.2 1.64464e+23 1.64464e+23 9.08214e+12
73.3 1.63968e+23 1.63968e+23 9.08347e+12
73.4 1.65707e+23 1.65707e+23 9.12227e+12
73.5 1.66748e+23 1.66748e+23 9.15473e+12
73.6 1.66633e+23 1.66633e+23 9.14581e+12
73.7 1.66881e+23 1.66881e+23 9.16396e+12
73.8 1.65391e+23 1.65391e+23 9.15783e+12
73.9 1.64398e+23 1.64398e+23 9.14e+12
74 1.65542e+23 1.65542e+23 9.17566e+12
74.1 1.65773e+23 1.65773e+23 9.19314e+12
74.2 1.6732e+23 1.6732e+23 9.21436e+12
74.3 1.69437e+23 1.69437e+23 9.26099e+12
74.4 1.68458e+23 1.68458e+23 9.25355e+12
74.5 1.68043e+23 1.68043e+23 9.24854e+12
74.6 1.67714e+23 1.67714e+23 9.26087e+12
74.7 1.65937e+23 1.65937e+23 9.24254e+12
74.8 1.67147e+23 1.67147e+23 9.26708e+12
74.9 1.68771e+23 1.68771e+23 9.30692e+12
75 1.68953e+23 1.68953e+23 9.3152e+12
75.1 1.70855e+23 1.70855e+23 9.35016e+12
75.2 1.70854e+23 1.70854e+23 9.36051e+12
75.3 1.69204e+23 1.69204e+23 9.34157e+12
75.4 1.69534e+23 1.69534e+23 9.35755e+12
75.5 1.68798e+23 1.68798e+23 9.35671e+12
75.6 1.68601e+23 1.68601e+23 9.36202e+12
75.7 1.70587e+23 1.70587e+23 9.40379e+12
75.8 1.70937e+23 1.70937e+23 9.41658e+12
75.9 1.71627e+23 1.71627e+23 9.43549e+12
76 1.72782e+23 1.72782e+23 9.46142e+12
76.1 1.71614e+23 1.71614e+23 9.44911e+12
76.2 1.71209e+23 1.71209e+23 9.45561e+12
76.3 1.71201e+23 1.71201e+23 9.46439e+12
76.4 1.704e+23 1.704e+23 9.45896e+12
76.5 1.7153e+23 1.7153e+23 9.49213e+12
76.6 1.72704e+23 1.72704e+23 9.51653e+12
76.7 1.7332e+23 1.7332e+23 9.53123e+12
76.8 1.74605e+23 1.74605e+23 9.56436e+12
76.9 1.74056e+23 1.74056e+23 9.55803e+12
77 1.72985e+23 1.72985e+23 9.55047e+12
77.1 1.72667e+23 1.72667e+23 9.56264e+12
77.2 1.71853e+23 1.71853e+23 9.55312e+12
77.3 1.72865e+23 1.72865e+23 9.5812e+12
77.4 1.74641e+23 1.74641e+23 9.62333e+12
77.5 1.75334e+23 1.75334e+23 9.63225e+12
77.6 1.7663e+23 1.7663e+23 9.66298e+12
77.7 1.76141e+23 1.76141e+23 9.66641e+12
77.8 1.74316e+23 1.74316e+23 9.6398e+12
77.9 1.74318e+23 1.74318e+23 9.65772e+12
78 1.73914e+23 1.73914e+23 9.66209e+12
78.1 1.74502e+23 1.74502e+23 9.6736e+12
78.2 1.77006e+23 1.77006e+23 9.72958e+12
78.3 1.77442e+23 1.77442e+23 9.74032e+12
78.4 1.7777e+23 1.7777e+23 9.74657e+12
78.5 1.78102e+23 1.78102e+23 9.76921e+12
78.6 1.76067e+23 1.76067e+23 9.74265e+12
78.7 1.75849e+23 1.75849e+23 9.74677e+12
78.8 1.76673e+23 1.76673e+23 9.7775e+12
78.9 1.76416e+23 1.76416e+23 9.77623e+12
79 1.78384e+23 1.78384e+23 9.81537e+12
79.1 1.79607e+23 1.79607e+23 9.84849e+12
79.2 1.78965e+23 1.78965e+23 9.83893e+12
79.3 1.79803e+23 1.79803e+23 9.86171e+12
79.4 1.79171e+23 1.79171e+23 9.84622e+12
79.5 1.78051e+23 1.78051e+23 9.81971e+12
79.6 1.78546e+23 1.78546e+23 9.82986e+12
79.7 1.79309e+23 1.79309e+23 9.84097e+12
79.8 1.79747e+23 1.79747e+23 9.8596e+12
79.9 1.80652e+23 1.80652e+23 9.8797e+12
80 1.78461e+23 1.78461e+23 9.87025e+12
80.1 1.81601e+23 1.81601e+23 9.86977e+12
80.2 1.80276e+23 1.80276e+23 9.87631e+12
80.3 1.76734e+23 1.76734e+23 9.8411e+12
80.4 1.75621e+23 1.75621e+23 9.84654e+12
80.5 1.77517e+23 1.77517e+23 9.86422e+12
80.6 1.79111e+23 1.79111e+23 9.86227e+12
80.7 1.78294e+23 1.78294e+23 9.885e+12
80.8 1.81633e+23 1.81633e+23 9.89213e+12
80.9 1.79657e+23 1.79657e+23 9.88597e+12
81 1.78502e+23 1.78502e+23 9.89378e+12
81.1 1.79839e+23 1.79839e+23 9.87134e+12
81.2 1.7857e+23 1.7857e+23 9.84905e+12
81.3 1.81102e+23 1.81102e+23 9.87081e+12
81.4 1.80631e+23 1.80631e+23 9.89118e+12
81.5 1.79214e+23 1.79214e+23 9.89741e+12
81.6 1.84326e+23 1.84326e+23 9.92189e+12
81.7 1.82026e+23 1.82026e+23 9.89474e+12
81.8 1.82656e+23 1.82656e+23 9.90892e+12
81.9 1.8183e+23 1.8183e+23 9.89311e+12
82 1.78874e+23 1.78874e+23 9.86362e+12
82.1 1.80127e+23 1.80127e+23 9.88062e+12
82.2 1.83203e+23 1.83203e+23 9.89094e+12
82.3 1.83978e+23 1.83978e+23 9.88812e+12
82.4 1.87806e+23 1.87806e+23 9.93427e+12
82.5 1.85864e+23 1.85864e+23 9.92199e+12
82.6 1.84755e+23 1.84755e+23 9.91374e+12
82.7 1.82788e+23 1.82788e+23 9.91515e+12
82.8 1.7819e+23 1.7819e+23 9.86336e+12
82.9 1.85317e+23 1.85317e+23 9.91064e+12
83 1.85701e+23 1.85701e+23 9.9245e+12
83.1 1.86187e+23 1.86187e+23 9.90079e+12
83.2 1.84319e+23 1.84319e+23 9.9168e+12
83.3 1.88641e+23 1.88641e+23 9.91566e+12
83.4 1.81541e+23 1.81541e+23 9.87795e+12
83.5 1.8183e+23 1.8183e+23 9.89564e+12
83.6 1.83286e+23 1.83286e+23 9.92636e+12
83.7 1.79626e+23 1.79626e+23 9.89242e+12
83.8 1.8732e+23 1.8732e+23 9.93555e+12
83.9 1.8623e+23 1.8623e+23 9.90961e+12
84 1.85817e+23 1.85817e+23 9.92411e+12
84.1 1.81752e+23 1.81752e+23 9.92863e+12
84.2 1.82716e+23 1.82716e+23 9.90409e+12
84.3 1.86877e+23 1.86877e+23 9.91183e+12
84.4 1.84745e+23 1.84745e+23 9.93411e+12
84.5 1.82716e+23 1.82716e+23 9.93454e+12
84.6 1.89883e+23 1.89883e+23 9.94866e+12
84.7 1.79207e+23 1.79207e+23 9.90121e+12
84.8 1.85403e+23 1.85403e+23 9.91133e+12
84.9 1.87558e+23 1.87558e+23 9.93778e+12
85 1.8184e+23 1.8184e+23 9.94008e+12
85.1 1.90088e+23 1.90088e+23 9.93701e+12
85.2 1.95111e+23 1.95111e+23 9.93637e+12
85.3 1.82769e+23 1.82769e+23 9.93223e+12
85.4 1.92157e+23 1.92157e+23 9.89814e+12
85.5 1.87361e+23 1.87361e+23 9.94813e+12
85.6 1.85477e+23 1.85477e+23 9.94669e+12
85.7 1.85547e+23 1.85547e+23 9.92968e+12
85.8 1.8622e+23 1.8622e+23 9.9299e+12
85.9 1.92312e+23 1.92312e+23 9.94643e+12
86 1.84285e+23 1.84285e+23 9.92948e+12
86.1 1.91956e+23 1.91956e+23 9.96242e+12
86.2 1.87296e+23 1.87296e+23 9.95187e+12
86.3 1.94443e+23 1.94443e+23 9.96083e+12
86.4 1.90287e+23 1.90287e+23 9.92226e+12
86.5 1.92723e+23 1.92723e+23 9.94911e+12
86.6 1.8228e+23 1.8228e+23 9.95163e+12
86.7 1.89937e+23 1.89937e+23 9.93642e+12
86.8 1.96292e+23 1.96292e+23 9.94324e+12
86.9 1.94032e+23 1.94032e+23 9.95432e+12
87 1.91192e+23 1.91192e+23 9.94836e+12
87.1 1.89035e+23 1.89035e+23 9.93446e+12
87.2 1.87595e+23 1.87595e+23 9.94458e+12
87.3 1.93796e+23 1.93796e+23 9.93071e+12
87.4 1.83433e+23 1.83433e+23 9.93468e+12
87.5 1.94444e+23 1.94444e+23 9.96566e+12
87.6 1.8854e+23 1.8854e+23 9.93499e+12
87.7 1.92222e+23 1.92222e+23 9.93781e+12
87.8 1.87679e+23 1.87679e+23 9.93667e+12
87.9 1.94899e+23 1.94899e+23 9.95465e+12
88 1.93723e+23 1.93723e+23 9.97284e+12
88.1 1.97068e+23 1.97068e+23 9.95187e+12
88.2 1.87728e+23 1.87728e+23 9.95158e+12
88.3 1.9121e+23 1.9121e+23 9.95771e+12
88.4 1.91664e+23 1.91664e+23 9.94531e+12
88.5 1.92584e+23 1.92584e+23 9.92795e+12
88.6 1.92891e+23 1.92891e+23 9.94786e+12
88.7 1.96548e+23 1.96548e+23 9.94329e+12
88.8 1.98365e+23 1.98365e+23 9.94641e+12
88.9 1.95631e+23 1.95631e+23 9.94249e+12
89 1.94317e+23 1.94317e+23 9.90007e+12
89.1 1.95313e+23 1.95313e+23 9.97597e+12
89.2 1.90002e+23 1.90002e+23 9.9705e+12
89.3 2.03606e+23 2.03606e+23 9.97082e+12
89.4 1.99118e+23 1.99118e+23 9.96903e+12
89.5 1.91036e+23 1.91036e+23 9.95298e+12
89.6 1.99039e+23 1.99039e+23 9.93583e+12
89.7 1.90564e+23 1.90564e+23 9.9718e+12
89.8 1.98144e+23 1.98144e+23 9.94048e+12
89.9 2.02073e+23 2.02073e+23 9.93032e+12
90 1.98082e+23 1.98082e+23 9.98184e+12
90.1 1.98598e+23 1.98598e+23 9.97158e+12
90.2 1.98171e+23 1.98171e+23 9.96181e+12
90.3 1.93465e+23 1.93465e+23 9.95241e+12
90.4 2.01782e+23 2.01782e+23 9.95238e+12
90.5 1.95538e+23 1.95538e+23 9.96637e+12
90.6 1.98508e+23 1.98508e+23 9.95738e+12
90.7 1.94667e+23 1.94667e+23 9.97022e+12
90.8 1.99909e+23 1.99909e+23 9.93655e+12
90.9 1.99023e+23 1.99023e+23 9.95308e+12
91 2.02991e+23 2.02991e+23 9.92802e+12
91.1 1.94918e+23 1.94918e+23 1.00005e+13
91.2 1.99043e+23 1.99043e+23 9.98521e+12
91.3 2.02962e+23 2.02962e+23 9.97741e+12
91.4 1.98745e+23 1.98745e+23 9.9697e+12
91.5 2.00549e+23 2.00549e+23 9.94609e+12
91.6 1.95553e+23 1.95553e+23 9.97914e+12
91.7 1.96046e+23 1.96046e+23 9.99909e+12
91.8 2.04646e+23 2.04646e+23 1.00071e+13
91.9 2.02331e+23 2.02331e+23 1.00097e+13
92 1.9966e+23 1.9966e+23 9.96296e+12
92.1 1.94203e+23 1.94203e+23 9.9641e+12
92.2 1.99115e+23 1.99115e+23 9.99115e+12
92.3 2.04572e+23 2.04572e+23 9.97341e+12
92.4 2.03391e+23 2.03391e+23 9.96902e+12
92.5 2.01141e+23 2.01141e+23 9.95678e+12
92.6 2.05546e+23 2.05546e+23 9.95386e+12
92.7 2.03728e+23 2.03728e+23 9.9847e+12
92.8 2.00608e+23 2.00608e+23 9.9701e+12
92.9 2.0641e+23 2.0641e+23 9.95923e+12
93 2.03003e+23 2.03003e+23 9.979e+12
93.1 2.08756e+23 2.08756e+23 9.96823e+12
93.2 1.92583e+23 1.92583e+23 9.949e+12
93.3 2.09759e+23 2.09759e+23 9.99286e+12
93.4 2.00882e+23 2.00882e+23 9.94467e+12
93.5 2.06738e+23 2.06738e+23 9.93881e+12
93.6 2.05522e+23 2.05522e+23 9.99821e+12
93.7 2.0887e+23 2.0887e+23 9.95718e+12
93.8 2.12415e+23 2.12415e+23 9.9805e+12
93.9 2.03484e+23 2.03484e+23 9.98523e+12
94 2.12606e+23 2.12606e+23 9.9665e+12
94.1 2.08836e+23 2.08836e+23 9.99478e+12
94.2 2.07007e+23 2.07007e+23 1.00117e+13
94.3 2.06799e+23 2.06799e+23 9.98797e+12
94.4 2.07549e+23 2.07549e+23 1.00574e+13
94.5 2.08048e+23 2.08048e+23 9.9806e+12
94.6 2.14422e+23 2.14422e+23 9.96005e+12
94.7 2.15014e+23 2.15014e+23 9.99812e+12
94.8 2.07656e+23 2.07656e+23 9.95932e+12
94.9 2.06097e+23 2.06097e+23 9.96976e+12
95 2.13827e+23 2.13827e+23 9.9814e+12
95.1 2.14488e+23 2.14488e+23 9.93776e+12
95.2 2.03393e+23 2.03393e+23 9.95867e+12
95.3 2.10028e+23 2.10028e+23 9.97328e+12
95.4 2.12408e+23 2.12408e+23 9.93571e+12
95.5 2.13119e+23 2.13119e+23 1.00339e+13
95.6 2.10953e+23 2.10953e+23 9.92927e+12
95.7 2.12244e+23 2.12244e+23 9.94137e+12
95.8 2.1255e+23 2.1255e+23 9.99487e+12
95.9 2.10472e+23 2.10472e+23 9.9492e+12
96 2.11165e+23 2.11165e+23 9.96766e+12
96.1 2.17462e+23 2.17462e+23 9.97578e+12
96.2 2.15692e+23 2.15692e+23 9.95186e+12
96.3 2.16017e+23 2.16017e+23 1.00009e+13
96.4 2.18948e+23 2.18948e+23 9.9934e+12
96.5 2.11243e+23 2.11243e+23 9.94563e+12
96.6 2.1836e+23 2.1836e+23 9.98478e+12
96.7 2.10634e+23 2.10634e+23 9.97572e+12
96.8 2.19062e+23 2.19062e+23 9.9621e+12
96.9 2.11356e+23 2.11356e+23 9.97987e+12
97 2.23317e+23 2.23317e+23 9.99311e+12
97.1 2.20482e+23 2.20482e+23 9.95684e+12
97.2 2.11043e+23 2.11043e+23 9.99227e+12
97.3 2.19921e+23 2.19921e+23 9.96279e+12
97.4 2.10703e+23 2.10703e+23 9.95097e+12
97.5 2.16043e+23 2.16043e+23 9.98912e+12
97.6 2.15128e+23 2.15128e+23 9.94112e+12
97.7 2.22164e+23 2.22164e+23 9.95128e+12
97.8 2.23949e+23 2.23949e+23 9.9994e+12
97.9 2.21536e+23 2.21536e+23 9.97993e+12
98 2.15848e+23 2.15848e+23 9.9759e+12
98.1 2.19751e+23 2.19751e+23 9.97588e+12
98.2 2.16819e+23 2.16819e+23 9.96548e+12
98.3 2.25243e+23 2.25243e+23 1.00533e+13
98.4 2.2175e+23 2.2175e+23 9.98489e+12
98.5 2.16926e+23 2.16926e+23 9.98574e+12
98.6 2.16049e+23 2.16049e+23 9.96936e+12
98.7 2.22423e+23 2.22423e+23 9.96836e+12
98.8 2.1676e+23 2.1676e+23 9.91768e+12
98.9 2.24595e+23 2.24595e+23 9.99149e+12
99 2.13085e+23 2.13085e+23 9.93736e+12
99.1 2.16678e+23 2.16678e+23 9.95764e+12
99.2 2.24505e+23 2.24505e+23 9.94538e+12
99.3 2.196e+23 2.196e+23 9.93343e+12
99.4 2.28172e+23 2.28172e+23 9.96657e+12
99.5 2.26605e+23 2.26605e+23 1.00315e+13
99.6 2.25705e+23 2.25705e+23 9.96912e+12
99.7 2.20931e+23 2.20931e+23 1.00084e+13
99.8 2.25179e+23 2.25179e+23 9.98311e+12
99.9 2.11097e+23 2.11097e+23 9.97765e+12
Wall clock time taken: 33.7062 seconds
